tour,snapshot_date,player_id,display_name,full_name,rank,rank_points,source_url,fetched_at_utc
atp,2025-06-16,S0AG,J. Sinner,Jannik Sinner,1,10880,https://www.atptour.com/en/rankings/singles?dateWeek=2025-06-16&rankRange=0-5000,2026-03-22T00:41:33Z
atp,2025-06-16,A0E2,C. Alcaraz,Carlos Alcaraz,2,8850,https://www.atptour.com/en/rankings/singles?dateWeek=2025-06-16&rankRange=0-5000,2026-03-22T00:41:33Z
atp,2025-06-16,Z355,A. Zverev,Alexander Zverev,3,6500,https://www.atptour.com/en/rankings/singles?dateWeek=2025-06-16&rankRange=0-5000,2026-03-22T00:41:33Z
atp,2025-06-16,FB98,T. Fritz,Taylor Fritz,4,4735,https://www.atptour.com/en/rankings/singles?dateWeek=2025-06-16&rankRange=0-5000,2026-03-22T00:41:33Z
atp,2025-06-16,D643,N. Djokovic,Novak Djokovic,5,4630,https://www.atptour.com/en/rankings/singles?dateWeek=2025-06-16&rankRange=0-5000,2026-03-22T00:41:33Z
atp,2025-06-16,D0CO,J. Draper,Jack Draper,6,4550,https://www.atptour.com/en/rankings/singles?dateWeek=2025-06-16&rankRange=0-5000,2026-03-22T00:41:33Z
atp,2025-06-16,M0EJ,L. Musetti,Lorenzo Musetti,7,4470,https://www.atptour.com/en/rankings/singles?dateWeek=2025-06-16&rankRange=0-5000,2026-03-22T00:41:33Z
atp,2025-06-16,PL56,T. Paul,Tommy Paul,8,3470,https://www.atptour.com/en/rankings/singles?dateWeek=2025-06-16&rankRange=0-5000,2026-03-22T00:41:33Z
atp,2025-06-16,R0DG,H. Rune,Holger Rune,9,3440,https://www.atptour.com/en/rankings/singles?dateWeek=2025-06-16&rankRange=0-5000,2026-03-22T00:41:33Z
atp,2025-06-16,S0S1,B. Shelton,Ben Shelton,10,3170,https://www.atptour.com/en/rankings/singles?dateWeek=2025-06-16&rankRange=0-5000,2026-03-22T00:41:33Z
atp,2025-06-16,MM58,D. Medvedev,Daniil Medvedev,11,3140,https://www.atptour.com/en/rankings/singles?dateWeek=2025-06-16&rankRange=0-5000,2026-03-22T00:41:33Z
atp,2025-06-16,DH58,A. de Minaur,Alex De Minaur,12,3085,https://www.atptour.com/en/rankings/singles?dateWeek=2025-06-16&rankRange=0-5000,2026-03-22T00:41:33Z
atp,2025-06-16,TD51,F. Tiafoe,Frances Tiafoe,13,2990,https://www.atptour.com/en/rankings/singles?dateWeek=2025-06-16&rankRange=0-5000,2026-03-22T00:41:33Z
atp,2025-06-16,RE44,A. Rublev,Andrey Rublev,14,2920,https://www.atptour.com/en/rankings/singles?dateWeek=2025-06-16&rankRange=0-5000,2026-03-22T00:41:33Z
atp,2025-06-16,F0F1,A. Fils,Arthur Fils,15,2920,https://www.atptour.com/en/rankings/singles?dateWeek=2025-06-16&rankRange=0-5000,2026-03-22T00:41:33Z
atp,2025-06-16,RH16,C. Ruud,Casper Ruud,16,2905,https://www.atptour.com/en/rankings/singles?dateWeek=2025-06-16&rankRange=0-5000,2026-03-22T00:41:33Z
atp,2025-06-16,M0NI,J. Mensik,Jakub Mensik,17,2322,https://www.atptour.com/en/rankings/singles?dateWeek=2025-06-16&rankRange=0-5000,2026-03-22T00:41:33Z
atp,2025-06-16,C0AU,F. Cerundolo,Francisco Cerundolo,18,2285,https://www.atptour.com/en/rankings/singles?dateWeek=2025-06-16&rankRange=0-5000,2026-03-22T00:41:33Z
atp,2025-06-16,D875,G. Dimitrov,Grigor Dimitrov,19,2205,https://www.atptour.com/en/rankings/singles?dateWeek=2025-06-16&rankRange=0-5000,2026-03-22T00:41:33Z
atp,2025-06-16,HH26,U. Humbert,Ugo Humbert,20,2195,https://www.atptour.com/en/rankings/singles?dateWeek=2025-06-16&rankRange=0-5000,2026-03-22T00:41:33Z
atp,2025-06-16,P09Z,A. Popyrin,Alexei Popyrin,21,2115,https://www.atptour.com/en/rankings/singles?dateWeek=2025-06-16&rankRange=0-5000,2026-03-22T00:41:33Z
atp,2025-06-16,KE29,K. Khachanov,Karen Khachanov,22,2050,https://www.atptour.com/en/rankings/singles?dateWeek=2025-06-16&rankRange=0-5000,2026-03-22T00:41:33Z
atp,2025-06-16,M0FH,T. Machac,Tomas Machac,23,2020,https://www.atptour.com/en/rankings/singles?dateWeek=2025-06-16&rankRange=0-5000,2026-03-22T00:41:33Z
atp,2025-06-16,C0E9,F. Cobolli,Flavio Cobolli,24,1970,https://www.atptour.com/en/rankings/singles?dateWeek=2025-06-16&rankRange=0-5000,2026-03-22T00:41:33Z
atp,2025-06-16,TE51,S. Tsitsipas,Stefanos Tsitsipas,25,1920,https://www.atptour.com/en/rankings/singles?dateWeek=2025-06-16&rankRange=0-5000,2026-03-22T00:41:33Z
atp,2025-06-16,K0AH,S. Korda,Sebastian Korda,26,1855,https://www.atptour.com/en/rankings/singles?dateWeek=2025-06-16&rankRange=0-5000,2026-03-22T00:41:33Z
atp,2025-06-16,AG37,F. Auger-Aliassime,Felix Auger Aliassime,27,1775,https://www.atptour.com/en/rankings/singles?dateWeek=2025-06-16&rankRange=0-5000,2026-03-22T00:41:33Z
atp,2025-06-16,DH50,A. Davidovich Fokina,Alejandro Davidovich Fokina,28,1770,https://www.atptour.com/en/rankings/singles?dateWeek=2025-06-16&rankRange=0-5000,2026-03-22T00:41:33Z
atp,2025-06-16,HB71,H. Hurkacz,Hubert Hurkacz,29,1665,https://www.atptour.com/en/rankings/singles?dateWeek=2025-06-16&rankRange=0-5000,2026-03-22T00:41:33Z
atp,2025-06-16,L0BV,J. Lehecka,Jiri Lehecka,30,1645,https://www.atptour.com/en/rankings/singles?dateWeek=2025-06-16&rankRange=0-5000,2026-03-22T00:41:33Z
atp,2025-06-16,SU55,D. Shapovalov,Denis Shapovalov,31,1626,https://www.atptour.com/en/rankings/singles?dateWeek=2025-06-16&rankRange=0-5000,2026-03-22T00:41:33Z
atp,2025-06-16,N0AE,B. Nakashima,Brandon Nakashima,32,1600,https://www.atptour.com/en/rankings/singles?dateWeek=2025-06-16&rankRange=0-5000,2026-03-22T00:41:33Z
atp,2025-06-16,M0QI,A. Michelsen,Alex Michelsen,33,1570,https://www.atptour.com/en/rankings/singles?dateWeek=2025-06-16&rankRange=0-5000,2026-03-22T00:41:33Z
atp,2025-06-16,BK40,M. Berrettini,Matteo Berrettini,34,1565,https://www.atptour.com/en/rankings/singles?dateWeek=2025-06-16&rankRange=0-5000,2026-03-22T00:41:33Z
atp,2025-06-16,GJ37,T. Griekspoor,Tallon Griekspoor,35,1535,https://www.atptour.com/en/rankings/singles?dateWeek=2025-06-16&rankRange=0-5000,2026-03-22T00:41:33Z
atp,2025-06-16,M0GZ,G. Mpetshi Perricard,Giovanni Mpetshi Perricard,36,1476,https://www.atptour.com/en/rankings/singles?dateWeek=2025-06-16&rankRange=0-5000,2026-03-22T00:41:33Z
atp,2025-06-16,TC61,J. Thompson,Jordan Thompson,37,1400,https://www.atptour.com/en/rankings/singles?dateWeek=2025-06-16&rankRange=0-5000,2026-03-22T00:41:33Z
atp,2025-06-16,BT72,N. Borges,Nuno Borges,38,1400,https://www.atptour.com/en/rankings/singles?dateWeek=2025-06-16&rankRange=0-5000,2026-03-22T00:41:33Z
atp,2025-06-16,B0BI,S. Baez,Sebastian Baez,39,1370,https://www.atptour.com/en/rankings/singles?dateWeek=2025-06-16&rankRange=0-5000,2026-03-22T00:41:33Z
atp,2025-06-16,MP20,A. Muller,Alexandre Muller,40,1311,https://www.atptour.com/en/rankings/singles?dateWeek=2025-06-16&rankRange=0-5000,2026-03-22T00:41:33Z
atp,2025-06-16,A0FC,M. Arnaldi,Matteo Arnaldi,41,1265,https://www.atptour.com/en/rankings/singles?dateWeek=2025-06-16&rankRange=0-5000,2026-03-22T00:41:33Z
atp,2025-06-16,MC65,G. Monfils,Gael Monfils,42,1265,https://www.atptour.com/en/rankings/singles?dateWeek=2025-06-16&rankRange=0-5000,2026-03-22T00:41:33Z
atp,2025-06-16,GC88,M. Giron,Marcos Giron,43,1265,https://www.atptour.com/en/rankings/singles?dateWeek=2025-06-16&rankRange=0-5000,2026-03-22T00:41:33Z
atp,2025-06-16,D0F6,G. Diallo,Gabriel Diallo,44,1247,https://www.atptour.com/en/rankings/singles?dateWeek=2025-06-16&rankRange=0-5000,2026-03-22T00:41:33Z
atp,2025-06-16,BK92,A. Bublik,Alexander Bublik,45,1225,https://www.atptour.com/en/rankings/singles?dateWeek=2025-06-16&rankRange=0-5000,2026-03-22T00:41:33Z
atp,2025-06-16,SU87,L. Sonego,Lorenzo Sonego,46,1165,https://www.atptour.com/en/rankings/singles?dateWeek=2025-06-16&rankRange=0-5000,2026-03-22T00:41:33Z
atp,2025-06-16,KI95,M. Kecmanovic,Miomir Kecmanovic,47,1146,https://www.atptour.com/en/rankings/singles?dateWeek=2025-06-16&rankRange=0-5000,2026-03-22T00:41:33Z
atp,2025-06-16,HB64,Q. Halys,Quentin Halys,48,1134,https://www.atptour.com/en/rankings/singles?dateWeek=2025-06-16&rankRange=0-5000,2026-03-22T00:41:33Z
atp,2025-06-16,BU13,Z. Bergs,Zizou Bergs,49,1079,https://www.atptour.com/en/rankings/singles?dateWeek=2025-06-16&rankRange=0-5000,2026-03-22T00:41:33Z
atp,2025-06-16,GB88,D. Goffin,David Goffin,50,1055,https://www.atptour.com/en/rankings/singles?dateWeek=2025-06-16&rankRange=0-5000,2026-03-22T00:41:33Z
atp,2025-06-16,BD06,R. Bautista Agut,Roberto Bautista Agut,51,1049,https://www.atptour.com/en/rankings/singles?dateWeek=2025-06-16&rankRange=0-5000,2026-03-22T00:41:33Z
atp,2025-06-16,AE14,D. Altmaier,Daniel Altmaier,52,1037,https://www.atptour.com/en/rankings/singles?dateWeek=2025-06-16&rankRange=0-5000,2026-03-22T00:41:33Z
atp,2025-06-16,U182,C. Ugo Carabelli,Camilo Ugo Carabelli,53,1036,https://www.atptour.com/en/rankings/singles?dateWeek=2025-06-16&rankRange=0-5000,2026-03-22T00:41:33Z
atp,2025-06-16,MO44,P. Martinez,Pedro Martinez,54,1030,https://www.atptour.com/en/rankings/singles?dateWeek=2025-06-16&rankRange=0-5000,2026-03-22T00:41:33Z
atp,2025-06-16,TE30,A. Tabilo,Alejandro Tabilo,55,1005,https://www.atptour.com/en/rankings/singles?dateWeek=2025-06-16&rankRange=0-5000,2026-03-22T00:41:33Z
atp,2025-06-16,D0FJ,L. Darderi,Luciano Darderi,56,1004,https://www.atptour.com/en/rankings/singles?dateWeek=2025-06-16&rankRange=0-5000,2026-03-22T00:41:33Z
atp,2025-06-16,F0FV,J. Fonseca,Joao Fonseca,57,991,https://www.atptour.com/en/rankings/singles?dateWeek=2025-06-16&rankRange=0-5000,2026-03-22T00:41:33Z
atp,2025-06-16,M0CI,F. Marozsan,Fabian Marozsan,58,990,https://www.atptour.com/en/rankings/singles?dateWeek=2025-06-16&rankRange=0-5000,2026-03-22T00:41:33Z
atp,2025-06-16,MU94,J. Munar,Jaume Munar,59,962,https://www.atptour.com/en/rankings/singles?dateWeek=2025-06-16&rankRange=0-5000,2026-03-22T00:41:33Z
atp,2025-06-16,F0BY,J. Fearnley,Jacob Fearnley,60,961,https://www.atptour.com/en/rankings/singles?dateWeek=2025-06-16&rankRange=0-5000,2026-03-22T00:41:33Z
atp,2025-06-16,N771,C. Norrie,Cameron Norrie,61,952,https://www.atptour.com/en/rankings/singles?dateWeek=2025-06-16&rankRange=0-5000,2026-03-22T00:41:33Z
atp,2025-06-16,BM95,B. Bonzi,Benjamin Bonzi,62,945,https://www.atptour.com/en/rankings/singles?dateWeek=2025-06-16&rankRange=0-5000,2026-03-22T00:41:33Z
atp,2025-06-16,EA24,T. Etcheverry,Tomas Martin Etcheverry,63,935,https://www.atptour.com/en/rankings/singles?dateWeek=2025-06-16&rankRange=0-5000,2026-03-22T00:41:33Z
atp,2025-06-16,C0DF,F. Comesana,Francisco Comesana,64,914,https://www.atptour.com/en/rankings/singles?dateWeek=2025-06-16&rankRange=0-5000,2026-03-22T00:41:33Z
atp,2025-06-16,DB63,L. Djere,Laslo Djere,65,911,https://www.atptour.com/en/rankings/singles?dateWeek=2025-06-16&rankRange=0-5000,2026-03-22T00:41:33Z
atp,2025-06-16,N552,K. Nishikori,Kei Nishikori,66,903,https://www.atptour.com/en/rankings/singles?dateWeek=2025-06-16&rankRange=0-5000,2026-03-22T00:41:33Z
atp,2025-06-16,T0HA,L. Tien,Learner Tien,67,903,https://www.atptour.com/en/rankings/singles?dateWeek=2025-06-16&rankRange=0-5000,2026-03-22T00:41:33Z
atp,2025-06-16,D923,D. Dzumhur,Damir Dzumhur,68,900,https://www.atptour.com/en/rankings/singles?dateWeek=2025-06-16&rankRange=0-5000,2026-03-22T00:41:33Z
atp,2025-06-16,Y09V,Y. Bu,Yunchaokete Bu,69,874,https://www.atptour.com/en/rankings/singles?dateWeek=2025-06-16&rankRange=0-5000,2026-03-22T00:41:33Z
atp,2025-06-16,CF59,R. Carballes Baena,Roberto Carballes Baena,70,864,https://www.atptour.com/en/rankings/singles?dateWeek=2025-06-16&rankRange=0-5000,2026-03-22T00:41:33Z
atp,2025-06-16,M0JF,H. Medjedovic,Hamad Medjedovic,71,853,https://www.atptour.com/en/rankings/singles?dateWeek=2025-06-16&rankRange=0-5000,2026-03-22T00:41:33Z
atp,2025-06-16,B0GG,M. Bellucci,Mattia Bellucci,72,836,https://www.atptour.com/en/rankings/singles?dateWeek=2025-06-16&rankRange=0-5000,2026-03-22T00:41:33Z
atp,2025-06-16,SX50,R. Safiullin,Roman Safiullin,73,816,https://www.atptour.com/en/rankings/singles?dateWeek=2025-06-16&rankRange=0-5000,2026-03-22T00:41:33Z
atp,2025-06-16,H0BH,R. Hijikata,Rinky Hijikata,74,811,https://www.atptour.com/en/rankings/singles?dateWeek=2025-06-16&rankRange=0-5000,2026-03-22T00:41:33Z
atp,2025-06-16,O522,R. Opelka,Reilly Opelka,75,808,https://www.atptour.com/en/rankings/singles?dateWeek=2025-06-16&rankRange=0-5000,2026-03-22T00:41:33Z
atp,2025-06-16,S0RE,J. Shang,Juncheng Shang,76,806,https://www.atptour.com/en/rankings/singles?dateWeek=2025-06-16&rankRange=0-5000,2026-03-22T00:41:33Z
atp,2025-06-16,K0AZ,A. Kovacevic,Aleksandar Kovacevic,77,799,https://www.atptour.com/en/rankings/singles?dateWeek=2025-06-16&rankRange=0-5000,2026-03-22T00:41:33Z
atp,2025-06-16,N732,Y. Nishioka,Yoshihito Nishioka,78,787,https://www.atptour.com/en/rankings/singles?dateWeek=2025-06-16&rankRange=0-5000,2026-03-22T00:41:33Z
atp,2025-06-16,O483,C. O'Connell,Christopher O'connell,79,772,https://www.atptour.com/en/rankings/singles?dateWeek=2025-06-16&rankRange=0-5000,2026-03-22T00:41:33Z
atp,2025-06-16,RC91,A. Rinderknech,Arthur Rinderknech,80,764,https://www.atptour.com/en/rankings/singles?dateWeek=2025-06-16&rankRange=0-5000,2026-03-22T00:41:33Z
atp,2025-06-16,DA31,H. Dellien,Hugo Dellien,81,751,https://www.atptour.com/en/rankings/singles?dateWeek=2025-06-16&rankRange=0-5000,2026-03-22T00:41:33Z
atp,2025-06-16,KI82,V. Kopriva,Vit Kopriva,82,750,https://www.atptour.com/en/rankings/singles?dateWeek=2025-06-16&rankRange=0-5000,2026-03-22T00:41:33Z
atp,2025-06-16,V832,A. Vukic,Aleksandar Vukic,83,733,https://www.atptour.com/en/rankings/singles?dateWeek=2025-06-16&rankRange=0-5000,2026-03-22T00:41:33Z
atp,2025-06-16,CG80,B. Coric,Borna Coric,84,730,https://www.atptour.com/en/rankings/singles?dateWeek=2025-06-16&rankRange=0-5000,2026-03-22T00:41:33Z
atp,2025-06-16,C0JP,R. Collignon,Raphael Collignon,85,705,https://www.atptour.com/en/rankings/singles?dateWeek=2025-06-16&rankRange=0-5000,2026-03-22T00:41:33Z
atp,2025-06-16,W09E,A. Walton,Adam Walton,86,703,https://www.atptour.com/en/rankings/singles?dateWeek=2025-06-16&rankRange=0-5000,2026-03-22T00:41:33Z
atp,2025-06-16,G09O,H. Gaston,Hugo Gaston,87,693,https://www.atptour.com/en/rankings/singles?dateWeek=2025-06-16&rankRange=0-5000,2026-03-22T00:41:33Z
atp,2025-06-16,Z371,Z. Zhang,Zhizhen Zhang,88,685,https://www.atptour.com/en/rankings/singles?dateWeek=2025-06-16&rankRange=0-5000,2026-03-22T00:41:33Z
atp,2025-06-16,MW02,C. Moutet,Corentin Moutet,89,677,https://www.atptour.com/en/rankings/singles?dateWeek=2025-06-16&rankRange=0-5000,2026-03-22T00:41:33Z
atp,2025-06-16,N0BS,M. Navone,Mariano Navone,90,670,https://www.atptour.com/en/rankings/singles?dateWeek=2025-06-16&rankRange=0-5000,2026-03-22T00:41:33Z
atp,2025-06-16,V812,B. van de Zandschulp,Botic Van De Zandschulp,91,670,https://www.atptour.com/en/rankings/singles?dateWeek=2025-06-16&rankRange=0-5000,2026-03-22T00:41:33Z
atp,2025-06-16,CD85,P. Carreno Busta,Pablo Carreno Busta,92,662,https://www.atptour.com/en/rankings/singles?dateWeek=2025-06-16&rankRange=0-5000,2026-03-22T00:41:33Z
atp,2025-06-16,D0C1,J. de Jong,Jesper De Jong,93,660,https://www.atptour.com/en/rankings/singles?dateWeek=2025-06-16&rankRange=0-5000,2026-03-22T00:41:33Z
atp,2025-06-16,N0BG,L. Nardi,Luca Nardi,94,655,https://www.atptour.com/en/rankings/singles?dateWeek=2025-06-16&rankRange=0-5000,2026-03-22T00:41:33Z
atp,2025-06-16,Q02L,E. Quinn,Ethan Quinn,95,652,https://www.atptour.com/en/rankings/singles?dateWeek=2025-06-16&rankRange=0-5000,2026-03-22T00:41:33Z
atp,2025-06-16,T0AP,C. Tseng,Chun Hsin Tseng,96,648,https://www.atptour.com/en/rankings/singles?dateWeek=2025-06-16&rankRange=0-5000,2026-03-22T00:41:33Z
atp,2025-06-16,S0H2,A. Shevchenko,Alexander Shevchenko,97,635,https://www.atptour.com/en/rankings/singles?dateWeek=2025-06-16&rankRange=0-5000,2026-03-22T00:41:33Z
atp,2025-06-16,MK66,M. McDonald,Mackenzie Mcdonald,98,630,https://www.atptour.com/en/rankings/singles?dateWeek=2025-06-16&rankRange=0-5000,2026-03-22T00:41:33Z
atp,2025-06-16,V0AM,O. Virtanen,Otto Virtanen,99,623,https://www.atptour.com/en/rankings/singles?dateWeek=2025-06-16&rankRange=0-5000,2026-03-22T00:41:33Z
atp,2025-06-16,D994,J. Duckworth,James Duckworth,100,603,https://www.atptour.com/en/rankings/singles?dateWeek=2025-06-16&rankRange=0-5000,2026-03-22T00:41:33Z
atp,2025-06-16,C977,M. Cilic,Marin Cilic,101,597,https://www.atptour.com/en/rankings/singles?dateWeek=2025-06-16&rankRange=0-5000,2026-03-22T00:41:33Z
atp,2025-06-16,B0NN,N. Basavareddy,Nishesh Basavareddy,102,582,https://www.atptour.com/en/rankings/singles?dateWeek=2025-06-16&rankRange=0-5000,2026-03-22T00:41:33Z
atp,2025-06-16,SL28,J. Struff,Jan Lennard Struff,103,575,https://www.atptour.com/en/rankings/singles?dateWeek=2025-06-16&rankRange=0-5000,2026-03-22T00:41:33Z
atp,2025-06-16,H09P,B. Holt,Brandon Holt,104,568,https://www.atptour.com/en/rankings/singles?dateWeek=2025-06-16&rankRange=0-5000,2026-03-22T00:41:33Z
atp,2025-06-16,F724,M. Fucsovics,Marton Fucsovics,105,564,https://www.atptour.com/en/rankings/singles?dateWeek=2025-06-16&rankRange=0-5000,2026-03-22T00:41:33Z
atp,2025-06-16,S0N0,T. Schoolkate,Tristan Schoolkate,106,563,https://www.atptour.com/en/rankings/singles?dateWeek=2025-06-16&rankRange=0-5000,2026-03-22T00:41:33Z
atp,2025-06-16,C0C8,J. Cerundolo,Juan Manuel Cerundolo,107,558,https://www.atptour.com/en/rankings/singles?dateWeek=2025-06-16&rankRange=0-5000,2026-03-22T00:41:33Z
atp,2025-06-16,E865,C. Eubanks,Christopher Eubanks,108,554,https://www.atptour.com/en/rankings/singles?dateWeek=2025-06-16&rankRange=0-5000,2026-03-22T00:41:33Z
atp,2025-06-16,MQ75,K. Majchrzak,Kamil Majchrzak,109,549,https://www.atptour.com/en/rankings/singles?dateWeek=2025-06-16&rankRange=0-5000,2026-03-22T00:41:33Z
atp,2025-06-16,M0K4,E. Moller,Elmer Moller,110,536,https://www.atptour.com/en/rankings/singles?dateWeek=2025-06-16&rankRange=0-5000,2026-03-22T00:41:33Z
atp,2025-06-16,GE33,D. Galan,Daniel Elahi Galan,111,533,https://www.atptour.com/en/rankings/singles?dateWeek=2025-06-16&rankRange=0-5000,2026-03-22T00:41:33Z
atp,2025-06-16,BS86,T. Barrios Vera,Tomas Barrios Vera,112,525,https://www.atptour.com/en/rankings/singles?dateWeek=2025-06-16&rankRange=0-5000,2026-03-22T00:41:33Z
atp,2025-06-16,HD68,B. Harris,Billy Harris,113,519,https://www.atptour.com/en/rankings/singles?dateWeek=2025-06-16&rankRange=0-5000,2026-03-22T00:41:33Z
atp,2025-06-16,R0EB,V. Royer,Valentin Royer,114,513,https://www.atptour.com/en/rankings/singles?dateWeek=2025-06-16&rankRange=0-5000,2026-03-22T00:41:33Z
atp,2025-06-16,C0H0,A. Cazaux,Arthur Cazaux,115,505,https://www.atptour.com/en/rankings/singles?dateWeek=2025-06-16&rankRange=0-5000,2026-03-22T00:41:33Z
atp,2025-06-16,GD64,C. Garin,Cristian Garin,116,500,https://www.atptour.com/en/rankings/singles?dateWeek=2025-06-16&rankRange=0-5000,2026-03-22T00:41:33Z
atp,2025-06-16,B0EJ,T. Boyer,Tristan Boyer,117,494,https://www.atptour.com/en/rankings/singles?dateWeek=2025-06-16&rankRange=0-5000,2026-03-22T00:41:33Z
atp,2025-06-16,S0JA,E. Spizzirri,Eliot Spizzirri,118,494,https://www.atptour.com/en/rankings/singles?dateWeek=2025-06-16&rankRange=0-5000,2026-03-22T00:41:33Z
atp,2025-06-16,F0F2,J. Faria,Jaime Faria,119,487,https://www.atptour.com/en/rankings/singles?dateWeek=2025-06-16&rankRange=0-5000,2026-03-22T00:41:33Z
atp,2025-06-16,SX91,T. Seyboth Wild,Thiago Seyboth Wild,120,486,https://www.atptour.com/en/rankings/singles?dateWeek=2025-06-16&rankRange=0-5000,2026-03-22T00:41:33Z
atp,2025-06-16,N0AM,E. Nava,Emilio Nava,121,485,https://www.atptour.com/en/rankings/singles?dateWeek=2025-06-16&rankRange=0-5000,2026-03-22T00:41:33Z
atp,2025-06-16,O513,S. Ofner,Sebastian Ofner,122,483,https://www.atptour.com/en/rankings/singles?dateWeek=2025-06-16&rankRange=0-5000,2026-03-22T00:41:33Z
atp,2025-06-16,A0GC,T. Atmane,Terence Atmane,123,477,https://www.atptour.com/en/rankings/singles?dateWeek=2025-06-16&rankRange=0-5000,2026-03-22T00:41:33Z
atp,2025-06-16,S0GD,D. Svrcina,Dalibor Svrcina,124,475,https://www.atptour.com/en/rankings/singles?dateWeek=2025-06-16&rankRange=0-5000,2026-03-22T00:41:33Z
atp,2025-06-16,BG23,N. Basilashvili,Nikoloz Basilashvili,125,474,https://www.atptour.com/en/rankings/singles?dateWeek=2025-06-16&rankRange=0-5000,2026-03-22T00:41:33Z
atp,2025-06-16,H996,P. Herbert,Pierre Hugues Herbert,126,474,https://www.atptour.com/en/rankings/singles?dateWeek=2025-06-16&rankRange=0-5000,2026-03-22T00:41:33Z
atp,2025-06-16,F510,F. Fognini,Fabio Fognini,127,470,https://www.atptour.com/en/rankings/singles?dateWeek=2025-06-16&rankRange=0-5000,2026-03-22T00:41:33Z
atp,2025-06-16,ME82,A. Mannarino,Adrian Mannarino,128,469,https://www.atptour.com/en/rankings/singles?dateWeek=2025-06-16&rankRange=0-5000,2026-03-22T00:41:33Z
atp,2025-06-16,T0A1,T. Tirante,Thiago Agustin Tirante,129,469,https://www.atptour.com/en/rankings/singles?dateWeek=2025-06-16&rankRange=0-5000,2026-03-22T00:41:33Z
atp,2025-06-16,TE16,C. Taberner,Carlos Taberner,130,455,https://www.atptour.com/en/rankings/singles?dateWeek=2025-06-16&rankRange=0-5000,2026-03-22T00:41:33Z
atp,2025-06-16,B0FV,R. Burruchaga,Roman Andres Burruchaga,131,453,https://www.atptour.com/en/rankings/singles?dateWeek=2025-06-16&rankRange=0-5000,2026-03-22T00:41:33Z
atp,2025-06-16,G0FW,V. Gaubas,Vilius Gaubas,132,447,https://www.atptour.com/en/rankings/singles?dateWeek=2025-06-16&rankRange=0-5000,2026-03-22T00:41:33Z
atp,2025-06-16,G0GD,M. Gigante,Matteo Gigante,133,444,https://www.atptour.com/en/rankings/singles?dateWeek=2025-06-16&rankRange=0-5000,2026-03-22T00:41:33Z
atp,2025-06-16,GJ16,F. Gomez,Federico Agustin Gomez,134,442,https://www.atptour.com/en/rankings/singles?dateWeek=2025-06-16&rankRange=0-5000,2026-03-22T00:41:33Z
atp,2025-06-16,PF39,L. Pouille,Lucas Pouille,135,439,https://www.atptour.com/en/rankings/singles?dateWeek=2025-06-16&rankRange=0-5000,2026-03-22T00:41:33Z
atp,2025-06-16,PH64,A. Pellegrino,Andrea Pellegrino,136,437,https://www.atptour.com/en/rankings/singles?dateWeek=2025-06-16&rankRange=0-5000,2026-03-22T00:41:33Z
atp,2025-06-16,L987,D. Lajovic,Dusan Lajovic,137,434,https://www.atptour.com/en/rankings/singles?dateWeek=2025-06-16&rankRange=0-5000,2026-03-22T00:41:33Z
atp,2025-06-16,H997,Y. Hanfmann,Yannick Hanfmann,138,428,https://www.atptour.com/en/rankings/singles?dateWeek=2025-06-16&rankRange=0-5000,2026-03-22T00:41:33Z
atp,2025-06-16,MJ08,T. Monteiro,Thiago Monteiro,139,424,https://www.atptour.com/en/rankings/singles?dateWeek=2025-06-16&rankRange=0-5000,2026-03-22T00:41:33Z
atp,2025-06-16,B0PG,A. Blockx,Alexander Blockx,140,423,https://www.atptour.com/en/rankings/singles?dateWeek=2025-06-16&rankRange=0-5000,2026-03-22T00:41:33Z
atp,2025-06-16,KD46,T. Kokkinakis,Thanasi Kokkinakis,141,418,https://www.atptour.com/en/rankings/singles?dateWeek=2025-06-16&rankRange=0-5000,2026-03-22T00:41:33Z
atp,2025-06-16,M0JZ,F. Misolic,Filip Misolic,142,418,https://www.atptour.com/en/rankings/singles?dateWeek=2025-06-16&rankRange=0-5000,2026-03-22T00:41:33Z
atp,2025-06-16,P0CT,F. Passaro,Francesco Passaro,143,418,https://www.atptour.com/en/rankings/singles?dateWeek=2025-06-16&rankRange=0-5000,2026-03-22T00:41:33Z
atp,2025-06-16,J551,N. Jarry,Nicolas Jarry,144,415,https://www.atptour.com/en/rankings/singles?dateWeek=2025-06-16&rankRange=0-5000,2026-03-22T00:41:33Z
atp,2025-06-16,CE77,F. Coria,Federico Coria,145,413,https://www.atptour.com/en/rankings/singles?dateWeek=2025-06-16&rankRange=0-5000,2026-03-22T00:41:33Z
atp,2025-06-16,S0ZE,C. Smith,Colton Smith,146,411,https://www.atptour.com/en/rankings/singles?dateWeek=2025-06-16&rankRange=0-5000,2026-03-22T00:41:33Z
atp,2025-06-16,L0IL,M. Landaluce,Martin Landaluce,147,411,https://www.atptour.com/en/rankings/singles?dateWeek=2025-06-16&rankRange=0-5000,2026-03-22T00:41:33Z
atp,2025-06-16,MW75,F. Meligeni Alves,Felipe Meligeni Alves,148,406,https://www.atptour.com/en/rankings/singles?dateWeek=2025-06-16&rankRange=0-5000,2026-03-22T00:41:33Z
atp,2025-06-16,B0CD,J. Brooksby,Jenson Brooksby,149,405,https://www.atptour.com/en/rankings/singles?dateWeek=2025-06-16&rankRange=0-5000,2026-03-22T00:41:33Z
atp,2025-06-16,D0DP,L. Draxl,Liam Draxl,150,403,https://www.atptour.com/en/rankings/singles?dateWeek=2025-06-16&rankRange=0-5000,2026-03-22T00:41:33Z
atp,2025-06-16,DA81,T. Daniel,Taro Daniel,151,395,https://www.atptour.com/en/rankings/singles?dateWeek=2025-06-16&rankRange=0-5000,2026-03-22T00:41:33Z
atp,2025-06-16,B0ID,I. Buse,Ignacio Buse,152,395,https://www.atptour.com/en/rankings/singles?dateWeek=2025-06-16&rankRange=0-5000,2026-03-22T00:41:33Z
atp,2025-06-16,J0AZ,K. Jacquet,Kyrian Jacquet,153,389,https://www.atptour.com/en/rankings/singles?dateWeek=2025-06-16&rankRange=0-5000,2026-03-22T00:41:33Z
atp,2025-06-16,TA29,M. Trungelliti,Marco Trungelliti,154,388,https://www.atptour.com/en/rankings/singles?dateWeek=2025-06-16&rankRange=0-5000,2026-03-22T00:41:33Z
atp,2025-06-16,W367,S. Wawrinka,Stan Wawrinka,155,382,https://www.atptour.com/en/rankings/singles?dateWeek=2025-06-16&rankRange=0-5000,2026-03-22T00:41:33Z
atp,2025-06-16,FA43,J. Ficovich,Juan Pablo Ficovich,156,375,https://www.atptour.com/en/rankings/singles?dateWeek=2025-06-16&rankRange=0-5000,2026-03-22T00:41:33Z
atp,2025-06-16,M0G4,H. Mayot,Harold Mayot,157,368,https://www.atptour.com/en/rankings/singles?dateWeek=2025-06-16&rankRange=0-5000,2026-03-22T00:41:33Z
atp,2025-06-16,R0GO,H. Rocha,Henrique Rocha,158,366,https://www.atptour.com/en/rankings/singles?dateWeek=2025-06-16&rankRange=0-5000,2026-03-22T00:41:33Z
atp,2025-06-16,MW18,N. Moreno De Alboran,Nicolas Moreno De Alboran,159,364,https://www.atptour.com/en/rankings/singles?dateWeek=2025-06-16&rankRange=0-5000,2026-03-22T00:41:33Z
atp,2025-06-16,PH71,M. Purcell,Max Purcell,160,363,https://www.atptour.com/en/rankings/singles?dateWeek=2025-06-16&rankRange=0-5000,2026-03-22T00:41:33Z
atp,2025-06-16,P09O,Z. Piros,Zsombor Piros,161,362,https://www.atptour.com/en/rankings/singles?dateWeek=2025-06-16&rankRange=0-5000,2026-03-22T00:41:33Z
atp,2025-06-16,K0EP,J. Kym,Jerome Kym,162,355,https://www.atptour.com/en/rankings/singles?dateWeek=2025-06-16&rankRange=0-5000,2026-03-22T00:41:33Z
atp,2025-06-16,HF80,H. Habib,Hady Habib,163,350,https://www.atptour.com/en/rankings/singles?dateWeek=2025-06-16&rankRange=0-5000,2026-03-22T00:41:33Z
atp,2025-06-16,M0HU,S. Mochizuki,Shintaro Mochizuki,164,349,https://www.atptour.com/en/rankings/singles?dateWeek=2025-06-16&rankRange=0-5000,2026-03-22T00:41:33Z
atp,2025-06-16,KC12,M. Krueger,Mitchell Krueger,165,347,https://www.atptour.com/en/rankings/singles?dateWeek=2025-06-16&rankRange=0-5000,2026-03-22T00:41:33Z
atp,2025-06-16,R0E0,C. Rodesch,Chris Rodesch,166,346,https://www.atptour.com/en/rankings/singles?dateWeek=2025-06-16&rankRange=0-5000,2026-03-22T00:41:33Z
atp,2025-06-16,HH06,M. Huesler,Marc Andrea Huesler,167,340,https://www.atptour.com/en/rankings/singles?dateWeek=2025-06-16&rankRange=0-5000,2026-03-22T00:41:33Z
atp,2025-06-16,L0GH,M. Lajal,Mark Lajal,168,338,https://www.atptour.com/en/rankings/singles?dateWeek=2025-06-16&rankRange=0-5000,2026-03-22T00:41:33Z
atp,2025-06-16,TC01,L. Tu,Li Tu,169,336,https://www.atptour.com/en/rankings/singles?dateWeek=2025-06-16&rankRange=0-5000,2026-03-22T00:41:33Z
atp,2025-06-16,N0CS,L. Neumayer,Lukas Neumayer,170,336,https://www.atptour.com/en/rankings/singles?dateWeek=2025-06-16&rankRange=0-5000,2026-03-22T00:41:33Z
atp,2025-06-16,G628,R. Gasquet,Richard Gasquet,171,332,https://www.atptour.com/en/rankings/singles?dateWeek=2025-06-16&rankRange=0-5000,2026-03-22T00:41:33Z
atp,2025-06-16,HB48,C. Hemery,Calvin Hemery,172,331,https://www.atptour.com/en/rankings/singles?dateWeek=2025-06-16&rankRange=0-5000,2026-03-22T00:41:33Z
atp,2025-06-16,K0E6,A. Kachmazov,Alibek Kachmazov,173,322,https://www.atptour.com/en/rankings/singles?dateWeek=2025-06-16&rankRange=0-5000,2026-03-22T00:41:33Z
atp,2025-06-16,W0BH,C. Wong,Coleman Wong,174,321,https://www.atptour.com/en/rankings/singles?dateWeek=2025-06-16&rankRange=0-5000,2026-03-22T00:41:33Z
atp,2025-06-16,P0HW,D. Prizmic,Dino Prizmic,175,320,https://www.atptour.com/en/rankings/singles?dateWeek=2025-06-16&rankRange=0-5000,2026-03-22T00:41:33Z
atp,2025-06-16,D0H9,G. Den Ouden,Guy Den Ouden,176,317,https://www.atptour.com/en/rankings/singles?dateWeek=2025-06-16&rankRange=0-5000,2026-03-22T00:41:33Z
atp,2025-06-16,G0DH,A. Guillen Meza,Alvaro Guillen Meza,177,317,https://www.atptour.com/en/rankings/singles?dateWeek=2025-06-16&rankRange=0-5000,2026-03-22T00:41:33Z
atp,2025-06-16,GF95,H. Grenier,Hugo Grenier,178,316,https://www.atptour.com/en/rankings/singles?dateWeek=2025-06-16&rankRange=0-5000,2026-03-22T00:41:33Z
atp,2025-06-16,BV16,U. Blanchet,Ugo Blanchet,179,314,https://www.atptour.com/en/rankings/singles?dateWeek=2025-06-16&rankRange=0-5000,2026-03-22T00:41:33Z
atp,2025-06-16,KI63,L. Klein,Lukas Klein,180,314,https://www.atptour.com/en/rankings/singles?dateWeek=2025-06-16&rankRange=0-5000,2026-03-22T00:41:33Z
atp,2025-06-16,PG20,D. Popko,Dmitry Popko,181,313,https://www.atptour.com/en/rankings/singles?dateWeek=2025-06-16&rankRange=0-5000,2026-03-22T00:41:33Z
atp,2025-06-16,WB08,Y. Watanuki,Yosuke Watanuki,182,312,https://www.atptour.com/en/rankings/singles?dateWeek=2025-06-16&rankRange=0-5000,2026-03-22T00:41:33Z
atp,2025-06-16,M0OQ,J. McCabe,James Mccabe,183,308,https://www.atptour.com/en/rankings/singles?dateWeek=2025-06-16&rankRange=0-5000,2026-03-22T00:41:33Z
atp,2025-06-16,A0CJ,D. Ajdukovic,Duje Ajdukovic,184,307,https://www.atptour.com/en/rankings/singles?dateWeek=2025-06-16&rankRange=0-5000,2026-03-22T00:41:33Z
atp,2025-06-16,A0BA,F. Arnaboldi,Federico Arnaboldi,185,307,https://www.atptour.com/en/rankings/singles?dateWeek=2025-06-16&rankRange=0-5000,2026-03-22T00:41:33Z
atp,2025-06-16,V0DZ,L. Van Assche,Luca Van Assche,186,301,https://www.atptour.com/en/rankings/singles?dateWeek=2025-06-16&rankRange=0-5000,2026-03-22T00:41:33Z
atp,2025-06-16,H09N,A. Holmgren,August Holmgren,187,301,https://www.atptour.com/en/rankings/singles?dateWeek=2025-06-16&rankRange=0-5000,2026-03-22T00:41:33Z
atp,2025-06-16,LB66,C. Lestienne,Constant Lestienne,188,296,https://www.atptour.com/en/rankings/singles?dateWeek=2025-06-16&rankRange=0-5000,2026-03-22T00:41:33Z
atp,2025-06-16,SY67,S. Shimabukuro,Sho Shimabukuro,189,295,https://www.atptour.com/en/rankings/singles?dateWeek=2025-06-16&rankRange=0-5000,2026-03-22T00:41:33Z
atp,2025-06-16,RC04,A. Ritschard,Alexander Ritschard,190,294,https://www.atptour.com/en/rankings/singles?dateWeek=2025-06-16&rankRange=0-5000,2026-03-22T00:41:33Z
atp,2025-06-16,K926,M. Kukushkin,Mikhail Kukushkin,191,294,https://www.atptour.com/en/rankings/singles?dateWeek=2025-06-16&rankRange=0-5000,2026-03-22T00:41:33Z
atp,2025-06-16,C0HT,M. Cassone,Murphy Cassone,192,294,https://www.atptour.com/en/rankings/singles?dateWeek=2025-06-16&rankRange=0-5000,2026-03-22T00:41:33Z
atp,2025-06-16,RH59,S. Rodriguez Taverna,Santiago Rodriguez Taverna,193,288,https://www.atptour.com/en/rankings/singles?dateWeek=2025-06-16&rankRange=0-5000,2026-03-22T00:41:33Z
atp,2025-06-16,BI81,A. Bolt,Alex Bolt,194,284,https://www.atptour.com/en/rankings/singles?dateWeek=2025-06-16&rankRange=0-5000,2026-03-22T00:41:33Z
atp,2025-06-16,HG94,B. Hassan,Benjamin Hassan,195,284,https://www.atptour.com/en/rankings/singles?dateWeek=2025-06-16&rankRange=0-5000,2026-03-22T00:41:33Z
atp,2025-06-16,CI14,J. Clarke,Jay Clarke,196,283,https://www.atptour.com/en/rankings/singles?dateWeek=2025-06-16&rankRange=0-5000,2026-03-22T00:41:33Z
atp,2025-06-16,S0K7,Z. Svajda,Zachary Svajda,197,281,https://www.atptour.com/en/rankings/singles?dateWeek=2025-06-16&rankRange=0-5000,2026-03-22T00:41:33Z
atp,2025-06-16,D0CG,F. Diaz Acosta,Facundo Diaz Acosta,198,277,https://www.atptour.com/en/rankings/singles?dateWeek=2025-06-16&rankRange=0-5000,2026-03-22T00:41:33Z
atp,2025-06-16,E687,D. Evans,Daniel Evans,199,275,https://www.atptour.com/en/rankings/singles?dateWeek=2025-06-16&rankRange=0-5000,2026-03-22T00:41:33Z
atp,2025-06-16,KB95,J. Kubler,Jason Kubler,200,275,https://www.atptour.com/en/rankings/singles?dateWeek=2025-06-16&rankRange=0-5000,2026-03-22T00:41:33Z
atp,2025-06-16,O0A2,G. Onclin,Gauthier Onclin,201,274,https://www.atptour.com/en/rankings/singles?dateWeek=2025-06-16&rankRange=0-5000,2026-03-22T00:41:33Z
atp,2025-06-16,T0BW,J. Trotter,James Trotter,202,274,https://www.atptour.com/en/rankings/singles?dateWeek=2025-06-16&rankRange=0-5000,2026-03-22T00:41:33Z
atp,2025-06-16,J553,O. Jasika,Omar Jasika,203,271,https://www.atptour.com/en/rankings/singles?dateWeek=2025-06-16&rankRange=0-5000,2026-03-22T00:41:33Z
atp,2025-06-16,M0EA,P. Martin Tiffon,Pol Martin Tiffon,204,271,https://www.atptour.com/en/rankings/singles?dateWeek=2025-06-16&rankRange=0-5000,2026-03-22T00:41:33Z
atp,2025-06-16,U134,Y. Uchiyama,Yasutaka Uchiyama,205,269,https://www.atptour.com/en/rankings/singles?dateWeek=2025-06-16&rankRange=0-5000,2026-03-22T00:41:33Z
atp,2025-06-16,R09X,J. Rodionov,Jurij Rodionov,206,269,https://www.atptour.com/en/rankings/singles?dateWeek=2025-06-16&rankRange=0-5000,2026-03-22T00:41:33Z
atp,2025-06-16,GK06,A. Galarneau,Alexis Galarneau,207,265,https://www.atptour.com/en/rankings/singles?dateWeek=2025-06-16&rankRange=0-5000,2026-03-22T00:41:33Z
atp,2025-06-16,CH12,J. Choinski,Jan Choinski,208,264,https://www.atptour.com/en/rankings/singles?dateWeek=2025-06-16&rankRange=0-5000,2026-03-22T00:41:33Z
atp,2025-06-16,SS25,V. Sachko,Vitaliy Sachko,209,264,https://www.atptour.com/en/rankings/singles?dateWeek=2025-06-16&rankRange=0-5000,2026-03-22T00:41:33Z
atp,2025-06-16,B0ER,A. Bouquier,Arthur Bouquier,210,262,https://www.atptour.com/en/rankings/singles?dateWeek=2025-06-16&rankRange=0-5000,2026-03-22T00:41:33Z
atp,2025-06-16,MJ98,F. Mena,Facundo Mena,211,261,https://www.atptour.com/en/rankings/singles?dateWeek=2025-06-16&rankRange=0-5000,2026-03-22T00:41:33Z
atp,2025-06-16,R772,A. Ramos-Vinolas,Albert Ramos Vinolas,212,257,https://www.atptour.com/en/rankings/singles?dateWeek=2025-06-16&rankRange=0-5000,2026-03-22T00:41:33Z
atp,2025-06-16,K09F,P. Kotov,Pavel Kotov,213,257,https://www.atptour.com/en/rankings/singles?dateWeek=2025-06-16&rankRange=0-5000,2026-03-22T00:41:33Z
atp,2025-06-16,M0HT,A. Moro Canas,Alejandro Moro Canas,214,257,https://www.atptour.com/en/rankings/singles?dateWeek=2025-06-16&rankRange=0-5000,2026-03-22T00:41:33Z
atp,2025-06-16,S0GR,T. Skatov,Timofey Skatov,215,255,https://www.atptour.com/en/rankings/singles?dateWeek=2025-06-16&rankRange=0-5000,2026-03-22T00:41:33Z
atp,2025-06-16,R0FP,D. Rincon,Daniel Rincon,216,255,https://www.atptour.com/en/rankings/singles?dateWeek=2025-06-16&rankRange=0-5000,2026-03-22T00:41:33Z
atp,2025-06-16,T09X,C. Tabur,Clement Tabur,217,254,https://www.atptour.com/en/rankings/singles?dateWeek=2025-06-16&rankRange=0-5000,2026-03-22T00:41:33Z
atp,2025-06-16,KC56,A. Karatsev,Aslan Karatsev,218,254,https://www.atptour.com/en/rankings/singles?dateWeek=2025-06-16&rankRange=0-5000,2026-03-22T00:41:33Z
atp,2025-06-16,GH92,B. Gojo,Borna Gojo,219,253,https://www.atptour.com/en/rankings/singles?dateWeek=2025-06-16&rankRange=0-5000,2026-03-22T00:41:33Z
atp,2025-06-16,S0AQ,Y. Shimizu,Yuta Shimizu,220,253,https://www.atptour.com/en/rankings/singles?dateWeek=2025-06-16&rankRange=0-5000,2026-03-22T00:41:33Z
atp,2025-06-16,N09U,R. Noguchi,Rio Noguchi,221,251,https://www.atptour.com/en/rankings/singles?dateWeek=2025-06-16&rankRange=0-5000,2026-03-22T00:41:33Z
atp,2025-06-16,J09X,F. Jianu,Filip Cristian Jianu,222,251,https://www.atptour.com/en/rankings/singles?dateWeek=2025-06-16&rankRange=0-5000,2026-03-22T00:41:33Z
atp,2025-06-16,DC48,M. Dellien,Murkel Dellien,223,250,https://www.atptour.com/en/rankings/singles?dateWeek=2025-06-16&rankRange=0-5000,2026-03-22T00:41:33Z
atp,2025-06-16,P0AY,L. Pavlovic,Luka Pavlovic,224,249,https://www.atptour.com/en/rankings/singles?dateWeek=2025-06-16&rankRange=0-5000,2026-03-22T00:41:33Z
atp,2025-06-16,D0DW,T. Droguet,Titouan Droguet,225,249,https://www.atptour.com/en/rankings/singles?dateWeek=2025-06-16&rankRange=0-5000,2026-03-22T00:41:33Z
atp,2025-06-16,CC66,A. Collarini,Andrea Collarini,226,249,https://www.atptour.com/en/rankings/singles?dateWeek=2025-06-16&rankRange=0-5000,2026-03-22T00:41:33Z
atp,2025-06-16,BE69,Y. Bai,Yan Bai,227,248,https://www.atptour.com/en/rankings/singles?dateWeek=2025-06-16&rankRange=0-5000,2026-03-22T00:41:33Z
atp,2025-06-16,S0LA,D. Stricker,Dominic Stricker,228,247,https://www.atptour.com/en/rankings/singles?dateWeek=2025-06-16&rankRange=0-5000,2026-03-22T00:41:33Z
atp,2025-06-16,H0DU,G. Heide,Gustavo Heide,229,247,https://www.atptour.com/en/rankings/singles?dateWeek=2025-06-16&rankRange=0-5000,2026-03-22T00:41:33Z
atp,2025-06-16,SR81,K. Sultanov,Khumoyun Sultanov,230,247,https://www.atptour.com/en/rankings/singles?dateWeek=2025-06-16&rankRange=0-5000,2026-03-22T00:41:33Z
atp,2025-06-16,S0O6,I. Simakin,Ilia Simakin,231,247,https://www.atptour.com/en/rankings/singles?dateWeek=2025-06-16&rankRange=0-5000,2026-03-22T00:41:33Z
atp,2025-06-16,M0ON,J. Monday,Johannus Monday,232,243,https://www.atptour.com/en/rankings/singles?dateWeek=2025-06-16&rankRange=0-5000,2026-03-22T00:41:33Z
atp,2025-06-16,E768,A. Escoffier,Antoine Escoffier,233,242,https://www.atptour.com/en/rankings/singles?dateWeek=2025-06-16&rankRange=0-5000,2026-03-22T00:41:33Z
atp,2025-06-16,K0A3,P. Kypson,Patrick Kypson,234,241,https://www.atptour.com/en/rankings/singles?dateWeek=2025-06-16&rankRange=0-5000,2026-03-22T00:41:33Z
atp,2025-06-16,E0DD,J. Engel,Justin Engel,235,241,https://www.atptour.com/en/rankings/singles?dateWeek=2025-06-16&rankRange=0-5000,2026-03-22T00:41:33Z
atp,2025-06-16,DC76,V. Durasovic,Viktor Durasovic,236,241,https://www.atptour.com/en/rankings/singles?dateWeek=2025-06-16&rankRange=0-5000,2026-03-22T00:41:33Z
atp,2025-06-16,CG33,K. Coppejans,Kimmer Coppejans,237,240,https://www.atptour.com/en/rankings/singles?dateWeek=2025-06-16&rankRange=0-5000,2026-03-22T00:41:33Z
atp,2025-06-16,F840,N. Fatic,Nerman Fatic,238,239,https://www.atptour.com/en/rankings/singles?dateWeek=2025-06-16&rankRange=0-5000,2026-03-22T00:41:33Z
atp,2025-06-16,DF88,A. Dougaz,Aziz Dougaz,239,236,https://www.atptour.com/en/rankings/singles?dateWeek=2025-06-16&rankRange=0-5000,2026-03-22T00:41:33Z
atp,2025-06-16,V0DP,A. Vallejo,Adolfo Daniel Vallejo,240,236,https://www.atptour.com/en/rankings/singles?dateWeek=2025-06-16&rankRange=0-5000,2026-03-22T00:41:33Z
atp,2025-06-16,B0MM,E. Butvilas,Edas Butvilas,241,235,https://www.atptour.com/en/rankings/singles?dateWeek=2025-06-16&rankRange=0-5000,2026-03-22T00:41:33Z
atp,2025-06-16,H09F,Y. Hsu,Yu Hsiou Hsu,242,235,https://www.atptour.com/en/rankings/singles?dateWeek=2025-06-16&rankRange=0-5000,2026-03-22T00:41:33Z
atp,2025-06-16,TA46,B. Tomic,Bernard Tomic,243,235,https://www.atptour.com/en/rankings/singles?dateWeek=2025-06-16&rankRange=0-5000,2026-03-22T00:41:33Z
atp,2025-06-16,Z09Z,B. Zhukayev,Beibit Zhukayev,244,234,https://www.atptour.com/en/rankings/singles?dateWeek=2025-06-16&rankRange=0-5000,2026-03-22T00:41:33Z
atp,2025-06-16,M0AW,N. Mejia,Nicolas Mejia,245,232,https://www.atptour.com/en/rankings/singles?dateWeek=2025-06-16&rankRange=0-5000,2026-03-22T00:41:33Z
atp,2025-06-16,SX90,F. Sun,Fajing Sun,246,231,https://www.atptour.com/en/rankings/singles?dateWeek=2025-06-16&rankRange=0-5000,2026-03-22T00:41:33Z
atp,2025-06-16,V836,J. Varillas,Juan Pablo Varillas,247,231,https://www.atptour.com/en/rankings/singles?dateWeek=2025-06-16&rankRange=0-5000,2026-03-22T00:41:33Z
atp,2025-06-16,C0AK,O. Crawford,Oliver Crawford,248,229,https://www.atptour.com/en/rankings/singles?dateWeek=2025-06-16&rankRange=0-5000,2026-03-22T00:41:33Z
atp,2025-06-16,P0EA,S. Purtseladze,Saba Purtseladze,249,229,https://www.atptour.com/en/rankings/singles?dateWeek=2025-06-16&rankRange=0-5000,2026-03-22T00:41:33Z
atp,2025-06-16,M0N7,D. Merida,Daniel Merida,250,228,https://www.atptour.com/en/rankings/singles?dateWeek=2025-06-16&rankRange=0-5000,2026-03-22T00:41:33Z
atp,2025-06-16,G09C,M. Gengel,Marek Gengel,251,228,https://www.atptour.com/en/rankings/singles?dateWeek=2025-06-16&rankRange=0-5000,2026-03-22T00:41:33Z
atp,2025-06-16,C0BH,C. Chidekh,Clement Chidekh,252,226,https://www.atptour.com/en/rankings/singles?dateWeek=2025-06-16&rankRange=0-5000,2026-03-22T00:41:33Z
atp,2025-06-16,KC33,D. Kuzmanov,Dimitar Kuzmanov,253,225,https://www.atptour.com/en/rankings/singles?dateWeek=2025-06-16&rankRange=0-5000,2026-03-22T00:41:33Z
atp,2025-06-16,M0IF,F. Maestrelli,Francesco Maestrelli,254,224,https://www.atptour.com/en/rankings/singles?dateWeek=2025-06-16&rankRange=0-5000,2026-03-22T00:41:33Z
atp,2025-06-16,Y218,E. Ymer,Elias Ymer,255,223,https://www.atptour.com/en/rankings/singles?dateWeek=2025-06-16&rankRange=0-5000,2026-03-22T00:41:33Z
atp,2025-06-16,H0CX,M. Houkes,Max Houkes,256,222,https://www.atptour.com/en/rankings/singles?dateWeek=2025-06-16&rankRange=0-5000,2026-03-22T00:41:33Z
atp,2025-06-16,S0EK,M. Soto,Matias Soto,257,222,https://www.atptour.com/en/rankings/singles?dateWeek=2025-06-16&rankRange=0-5000,2026-03-22T00:41:33Z
atp,2025-06-16,D0HD,G. Debru,Gabriel Debru,258,219,https://www.atptour.com/en/rankings/singles?dateWeek=2025-06-16&rankRange=0-5000,2026-03-22T00:41:33Z
atp,2025-06-16,P0J1,R. Pacheco Mendez,Rodrigo Pacheco Mendez,259,218,https://www.atptour.com/en/rankings/singles?dateWeek=2025-06-16&rankRange=0-5000,2026-03-22T00:41:33Z
atp,2025-06-16,S0MN,M. Sharipov,Marat Sharipov,260,217,https://www.atptour.com/en/rankings/singles?dateWeek=2025-06-16&rankRange=0-5000,2026-03-22T00:41:33Z
atp,2025-06-16,SN54,F. Ferreira Silva,Frederico Ferreira Silva,261,217,https://www.atptour.com/en/rankings/singles?dateWeek=2025-06-16&rankRange=0-5000,2026-03-22T00:41:33Z
atp,2025-06-16,G0GW,S. Gueymard Wayenburg,Sascha Gueymard Wayenburg,262,217,https://www.atptour.com/en/rankings/singles?dateWeek=2025-06-16&rankRange=0-5000,2026-03-22T00:41:33Z
atp,2025-06-16,MN13,M. Marterer,Maximilian Marterer,263,216,https://www.atptour.com/en/rankings/singles?dateWeek=2025-06-16&rankRange=0-5000,2026-03-22T00:41:33Z
atp,2025-06-16,J0A4,P. Jubb,Paul Jubb,264,215,https://www.atptour.com/en/rankings/singles?dateWeek=2025-06-16&rankRange=0-5000,2026-03-22T00:41:33Z
atp,2025-06-16,P0GQ,M. Poljicak,Mili Poljicak,265,215,https://www.atptour.com/en/rankings/singles?dateWeek=2025-06-16&rankRange=0-5000,2026-03-22T00:41:33Z
atp,2025-06-16,R0A7,J. Reis Da Silva,Joao Lucas Reis Da Silva,266,214,https://www.atptour.com/en/rankings/singles?dateWeek=2025-06-16&rankRange=0-5000,2026-03-22T00:41:33Z
atp,2025-06-16,VA25,V. Vacherot,Valentin Vacherot,267,213,https://www.atptour.com/en/rankings/singles?dateWeek=2025-06-16&rankRange=0-5000,2026-03-22T00:41:33Z
atp,2025-06-16,GE28,I. Gakhov,Ivan Gakhov,268,211,https://www.atptour.com/en/rankings/singles?dateWeek=2025-06-16&rankRange=0-5000,2026-03-22T00:41:33Z
atp,2025-06-16,R0ED,M. Rehberg,Max Hans Rehberg,269,210,https://www.atptour.com/en/rankings/singles?dateWeek=2025-06-16&rankRange=0-5000,2026-03-22T00:41:33Z
atp,2025-06-16,Y171,D. Yevseyev,Denis Yevseyev,270,210,https://www.atptour.com/en/rankings/singles?dateWeek=2025-06-16&rankRange=0-5000,2026-03-22T00:41:33Z
atp,2025-06-16,PH78,R. Peniston,Ryan Peniston,271,206,https://www.atptour.com/en/rankings/singles?dateWeek=2025-06-16&rankRange=0-5000,2026-03-22T00:41:33Z
atp,2025-06-16,E0AC,M. Erhard,Mathys Erhard,272,206,https://www.atptour.com/en/rankings/singles?dateWeek=2025-06-16&rankRange=0-5000,2026-03-22T00:41:33Z
atp,2025-06-16,S0CG,C. Sanchez Jover,Carlos Sanchez Jover,273,205,https://www.atptour.com/en/rankings/singles?dateWeek=2025-06-16&rankRange=0-5000,2026-03-22T00:41:33Z
atp,2025-06-16,BU54,G. Blancaneaux,Geoffrey Blancaneaux,274,203,https://www.atptour.com/en/rankings/singles?dateWeek=2025-06-16&rankRange=0-5000,2026-03-22T00:41:33Z
atp,2025-06-16,GG65,M. Geerts,Michael Geerts,275,203,https://www.atptour.com/en/rankings/singles?dateWeek=2025-06-16&rankRange=0-5000,2026-03-22T00:41:33Z
atp,2025-06-16,T0FI,M. Topo,Marko Topo,276,202,https://www.atptour.com/en/rankings/singles?dateWeek=2025-06-16&rankRange=0-5000,2026-03-22T00:41:33Z
atp,2025-06-16,W857,T. Wu,Tung Lin Wu,277,201,https://www.atptour.com/en/rankings/singles?dateWeek=2025-06-16&rankRange=0-5000,2026-03-22T00:41:33Z
atp,2025-06-16,Z09F,P. Zahraj,Patrick Zahraj,278,199,https://www.atptour.com/en/rankings/singles?dateWeek=2025-06-16&rankRange=0-5000,2026-03-22T00:41:33Z
atp,2025-06-16,C0NB,F. Cina,Federico Cina,279,198,https://www.atptour.com/en/rankings/singles?dateWeek=2025-06-16&rankRange=0-5000,2026-03-22T00:41:33Z
atp,2025-06-16,C0HB,E. Coulibaly,Eliakim Coulibaly,280,197,https://www.atptour.com/en/rankings/singles?dateWeek=2025-06-16&rankRange=0-5000,2026-03-22T00:41:33Z
atp,2025-06-16,AG08,A. Andrade,Andres Andrade,281,197,https://www.atptour.com/en/rankings/singles?dateWeek=2025-06-16&rankRange=0-5000,2026-03-22T00:41:33Z
atp,2025-06-16,P0HT,J. Pinnington Jones,Jack Pinnington Jones,282,196,https://www.atptour.com/en/rankings/singles?dateWeek=2025-06-16&rankRange=0-5000,2026-03-22T00:41:33Z
atp,2025-06-16,WB32,Y. Wu,Yibing Wu,283,193,https://www.atptour.com/en/rankings/singles?dateWeek=2025-06-16&rankRange=0-5000,2026-03-22T00:41:33Z
atp,2025-06-16,SM88,K. Sell,Karue Sell,284,191,https://www.atptour.com/en/rankings/singles?dateWeek=2025-06-16&rankRange=0-5000,2026-03-22T00:41:33Z
atp,2025-06-16,M0OH,L. Midon,Lautaro Midon,285,191,https://www.atptour.com/en/rankings/singles?dateWeek=2025-06-16&rankRange=0-5000,2026-03-22T00:41:33Z
atp,2025-06-16,P0DF,M. Pucinelli De Almeida,Matheus Pucinelli De Almeida,286,188,https://www.atptour.com/en/rankings/singles?dateWeek=2025-06-16&rankRange=0-5000,2026-03-22T00:41:33Z
atp,2025-06-16,RH24,E. Ruusuvuori,Emil Ruusuvuori,287,186,https://www.atptour.com/en/rankings/singles?dateWeek=2025-06-16&rankRange=0-5000,2026-03-22T00:41:33Z
atp,2025-06-16,N731,C. Negritu,Christoph Negritu,288,186,https://www.atptour.com/en/rankings/singles?dateWeek=2025-06-16&rankRange=0-5000,2026-03-22T00:41:33Z
atp,2025-06-16,O482,G. Oliveira,Gonzalo Oliveira,289,185,https://www.atptour.com/en/rankings/singles?dateWeek=2025-06-16&rankRange=0-5000,2026-03-22T00:41:33Z
atp,2025-06-16,O660,G. Olivieri,Genaro Alberto Olivieri,290,183,https://www.atptour.com/en/rankings/singles?dateWeek=2025-06-16&rankRange=0-5000,2026-03-22T00:41:33Z
atp,2025-06-16,G0IX,A. Gea,Arthur Gea,291,183,https://www.atptour.com/en/rankings/singles?dateWeek=2025-06-16&rankRange=0-5000,2026-03-22T00:41:33Z
atp,2025-06-16,MW76,M. Martineau,Matteo Martineau,292,182,https://www.atptour.com/en/rankings/singles?dateWeek=2025-06-16&rankRange=0-5000,2026-03-22T00:41:33Z
atp,2025-06-16,A829,R. Albot,Radu Albot,293,180,https://www.atptour.com/en/rankings/singles?dateWeek=2025-06-16&rankRange=0-5000,2026-03-22T00:41:33Z
atp,2025-06-16,S0UV,R. Sakamoto,Rei Sakamoto,294,179,https://www.atptour.com/en/rankings/singles?dateWeek=2025-06-16&rankRange=0-5000,2026-03-22T00:41:33Z
atp,2025-06-16,GA79,L. Giustino,Lorenzo Giustino,295,179,https://www.atptour.com/en/rankings/singles?dateWeek=2025-06-16&rankRange=0-5000,2026-03-22T00:41:33Z
atp,2025-06-16,C0AJ,J. Cui,Jie Cui,296,178,https://www.atptour.com/en/rankings/singles?dateWeek=2025-06-16&rankRange=0-5000,2026-03-22T00:41:33Z
atp,2025-06-16,DF92,C. Denolly,Corentin Denolly,297,177,https://www.atptour.com/en/rankings/singles?dateWeek=2025-06-16&rankRange=0-5000,2026-03-22T00:41:33Z
atp,2025-06-16,BO10,G. Brouwer,Gijs Brouwer,298,175,https://www.atptour.com/en/rankings/singles?dateWeek=2025-06-16&rankRange=0-5000,2026-03-22T00:41:33Z
atp,2025-06-16,Z0CQ,Y. Zhou,Yi Zhou,299,174,https://www.atptour.com/en/rankings/singles?dateWeek=2025-06-16&rankRange=0-5000,2026-03-22T00:41:33Z
atp,2025-06-16,N897,S. Nagal,Sumit Nagal,300,173,https://www.atptour.com/en/rankings/singles?dateWeek=2025-06-16&rankRange=0-5000,2026-03-22T00:41:33Z
atp,2025-06-16,M0E1,D. Michalski,Daniel Michalski,301,173,https://www.atptour.com/en/rankings/singles?dateWeek=2025-06-16&rankRange=0-5000,2026-03-22T00:41:33Z
atp,2025-06-16,T0DM,J. Torres,Juan Bautista Torres,302,173,https://www.atptour.com/en/rankings/singles?dateWeek=2025-06-16&rankRange=0-5000,2026-03-22T00:41:33Z
atp,2025-06-16,L0CF,G. Loffhagen,George Loffhagen,303,172,https://www.atptour.com/en/rankings/singles?dateWeek=2025-06-16&rankRange=0-5000,2026-03-22T00:41:33Z
atp,2025-06-16,TA12,S. Travaglia,Stefano Travaglia,304,172,https://www.atptour.com/en/rankings/singles?dateWeek=2025-06-16&rankRange=0-5000,2026-03-22T00:41:33Z
atp,2025-06-16,A09U,N. Alvarez Varona,Nicolas Alvarez Varona,305,171,https://www.atptour.com/en/rankings/singles?dateWeek=2025-06-16&rankRange=0-5000,2026-03-22T00:41:33Z
atp,2025-06-16,O376,R. Olivo,Renzo Olivo,306,171,https://www.atptour.com/en/rankings/singles?dateWeek=2025-06-16&rankRange=0-5000,2026-03-22T00:41:33Z
atp,2025-06-16,B0U4,N. Budkov Kjaer,Nicolai Budkov Kjaer,307,169,https://www.atptour.com/en/rankings/singles?dateWeek=2025-06-16&rankRange=0-5000,2026-03-22T00:41:33Z
atp,2025-06-16,EA27,B. Ellis,Blake Ellis,308,169,https://www.atptour.com/en/rankings/singles?dateWeek=2025-06-16&rankRange=0-5000,2026-03-22T00:41:33Z
atp,2025-06-16,MF35,A. Martin,Andrej Martin,309,168,https://www.atptour.com/en/rankings/singles?dateWeek=2025-06-16&rankRange=0-5000,2026-03-22T00:41:33Z
atp,2025-06-16,B0GR,G. Bueno,Gonzalo Bueno,310,168,https://www.atptour.com/en/rankings/singles?dateWeek=2025-06-16&rankRange=0-5000,2026-03-22T00:41:33Z
atp,2025-06-16,HG86,L. Harris,Lloyd Harris,311,167,https://www.atptour.com/en/rankings/singles?dateWeek=2025-06-16&rankRange=0-5000,2026-03-22T00:41:33Z
atp,2025-06-16,P0IY,J. Prado Angelo,Juan Carlos Prado Angelo,312,167,https://www.atptour.com/en/rankings/singles?dateWeek=2025-06-16&rankRange=0-5000,2026-03-22T00:41:33Z
atp,2025-06-16,BE90,R. Berankis,Ricardas Berankis,313,166,https://www.atptour.com/en/rankings/singles?dateWeek=2025-06-16&rankRange=0-5000,2026-03-22T00:41:33Z
atp,2025-06-16,M0NB,A. Mayo,Aidan Mayo,314,166,https://www.atptour.com/en/rankings/singles?dateWeek=2025-06-16&rankRange=0-5000,2026-03-22T00:41:33Z
atp,2025-06-16,DG80,E. Dalla Valle,Enrico Dalla Valle,315,166,https://www.atptour.com/en/rankings/singles?dateWeek=2025-06-16&rankRange=0-5000,2026-03-22T00:41:33Z
atp,2025-06-16,Z0AK,T. Zink,Tyler Zink,316,164,https://www.atptour.com/en/rankings/singles?dateWeek=2025-06-16&rankRange=0-5000,2026-03-22T00:41:33Z
atp,2025-06-16,E698,G. Elias,Gastao Elias,317,163,https://www.atptour.com/en/rankings/singles?dateWeek=2025-06-16&rankRange=0-5000,2026-03-22T00:41:33Z
atp,2025-06-16,K0HC,M. Kasnikowski,Maks Kasnikowski,318,162,https://www.atptour.com/en/rankings/singles?dateWeek=2025-06-16&rankRange=0-5000,2026-03-22T00:41:33Z
atp,2025-06-16,BV25,J. Barranco Cosano,Javier Barranco Cosano,319,162,https://www.atptour.com/en/rankings/singles?dateWeek=2025-06-16&rankRange=0-5000,2026-03-22T00:41:33Z
atp,2025-06-16,D0AR,M. Alves,Mateus Alves,320,162,https://www.atptour.com/en/rankings/singles?dateWeek=2025-06-16&rankRange=0-5000,2026-03-22T00:41:33Z
atp,2025-06-16,SL94,P. Sakamoto,Pedro Sakamoto,321,160,https://www.atptour.com/en/rankings/singles?dateWeek=2025-06-16&rankRange=0-5000,2026-03-22T00:41:33Z
atp,2025-06-16,S0GV,R. Strombachs,Robert Strombachs,322,159,https://www.atptour.com/en/rankings/singles?dateWeek=2025-06-16&rankRange=0-5000,2026-03-22T00:41:33Z
atp,2025-06-16,B0LQ,P. Bar Biryukov,Petr Bar Biryukov,323,159,https://www.atptour.com/en/rankings/singles?dateWeek=2025-06-16&rankRange=0-5000,2026-03-22T00:41:33Z
atp,2025-06-16,SO20,J. Sels,Jelle Sels,324,159,https://www.atptour.com/en/rankings/singles?dateWeek=2025-06-16&rankRange=0-5000,2026-03-22T00:41:33Z
atp,2025-06-16,BU70,R. Bertola,Remy Bertola,325,159,https://www.atptour.com/en/rankings/singles?dateWeek=2025-06-16&rankRange=0-5000,2026-03-22T00:41:33Z
atp,2025-06-16,B0GY,A. Barrena,Alex Barrena,326,158,https://www.atptour.com/en/rankings/singles?dateWeek=2025-06-16&rankRange=0-5000,2026-03-22T00:41:33Z
atp,2025-06-16,BU10,J. Berrettini,Jacopo Berrettini,327,158,https://www.atptour.com/en/rankings/singles?dateWeek=2025-06-16&rankRange=0-5000,2026-03-22T00:41:33Z
atp,2025-06-16,GB93,N. Gombos,Norbert Gombos,328,157,https://www.atptour.com/en/rankings/singles?dateWeek=2025-06-16&rankRange=0-5000,2026-03-22T00:41:33Z
atp,2025-06-16,A0AB,A. Andreev,Adrian Andreev,329,157,https://www.atptour.com/en/rankings/singles?dateWeek=2025-06-16&rankRange=0-5000,2026-03-22T00:41:33Z
atp,2025-06-16,C0B2,C. Cretu,Cezar Cretu,330,157,https://www.atptour.com/en/rankings/singles?dateWeek=2025-06-16&rankRange=0-5000,2026-03-22T00:41:33Z
atp,2025-06-16,MP01,M. Mmoh,Michael Mmoh,331,156,https://www.atptour.com/en/rankings/singles?dateWeek=2025-06-16&rankRange=0-5000,2026-03-22T00:41:33Z
atp,2025-06-16,N707,N. Nakagawa,Naoki Nakagawa,332,156,https://www.atptour.com/en/rankings/singles?dateWeek=2025-06-16&rankRange=0-5000,2026-03-22T00:41:33Z
atp,2025-06-16,B0LW,M. Brunold,Mika Brunold,333,156,https://www.atptour.com/en/rankings/singles?dateWeek=2025-06-16&rankRange=0-5000,2026-03-22T00:41:33Z
atp,2025-06-16,O0BE,O. Ovcharenko,Oleksandr Ovcharenko,334,156,https://www.atptour.com/en/rankings/singles?dateWeek=2025-06-16&rankRange=0-5000,2026-03-22T00:41:33Z
atp,2025-06-16,V717,A. Vatutin,Alexey Vatutin,335,156,https://www.atptour.com/en/rankings/singles?dateWeek=2025-06-16&rankRange=0-5000,2026-03-22T00:41:33Z
atp,2025-06-16,VA08,A. Vavassori,Andrea Vavassori,336,155,https://www.atptour.com/en/rankings/singles?dateWeek=2025-06-16&rankRange=0-5000,2026-03-22T00:41:33Z
atp,2025-06-16,M0RE,P. Maloney,Patrick Maloney,337,154,https://www.atptour.com/en/rankings/singles?dateWeek=2025-06-16&rankRange=0-5000,2026-03-22T00:41:33Z
atp,2025-06-16,S0NV,A. Shelbayh,Abdullah Shelbayh,338,154,https://www.atptour.com/en/rankings/singles?dateWeek=2025-06-16&rankRange=0-5000,2026-03-22T00:41:33Z
atp,2025-06-16,M0EY,A. Marti Pujolras,Alex Marti Pujolras,339,153,https://www.atptour.com/en/rankings/singles?dateWeek=2025-06-16&rankRange=0-5000,2026-03-22T00:41:33Z
atp,2025-06-16,I426,M. Imamura,Masamichi Imamura,340,150,https://www.atptour.com/en/rankings/singles?dateWeek=2025-06-16&rankRange=0-5000,2026-03-22T00:41:33Z
atp,2025-06-16,S0GZ,N. Sanchez Izquierdo,Nikolas Sanchez Izquierdo,341,150,https://www.atptour.com/en/rankings/singles?dateWeek=2025-06-16&rankRange=0-5000,2026-03-22T00:41:33Z
atp,2025-06-16,B0OU,H. Barton,Hynek Barton,342,148,https://www.atptour.com/en/rankings/singles?dateWeek=2025-06-16&rankRange=0-5000,2026-03-22T00:41:33Z
atp,2025-06-16,SG56,D. Dutra da Silva,Daniel Dutra Da Silva,343,147,https://www.atptour.com/en/rankings/singles?dateWeek=2025-06-16&rankRange=0-5000,2026-03-22T00:41:33Z
atp,2025-06-16,A09T,D. Added,Dan Added,344,146,https://www.atptour.com/en/rankings/singles?dateWeek=2025-06-16&rankRange=0-5000,2026-03-22T00:41:33Z
atp,2025-06-16,LI10,C. Langmo,Christian Langmo,345,145,https://www.atptour.com/en/rankings/singles?dateWeek=2025-06-16&rankRange=0-5000,2026-03-22T00:41:33Z
atp,2025-06-16,RB60,O. Roca Batalla,Oriol Roca Batalla,346,144,https://www.atptour.com/en/rankings/singles?dateWeek=2025-06-16&rankRange=0-5000,2026-03-22T00:41:33Z
atp,2025-06-16,A0IK,L. Ambrogi,Luciano Emanuel Ambrogi,347,144,https://www.atptour.com/en/rankings/singles?dateWeek=2025-06-16&rankRange=0-5000,2026-03-22T00:41:33Z
atp,2025-06-16,KE73,D. Koepfer,Dominik Koepfer,348,143,https://www.atptour.com/en/rankings/singles?dateWeek=2025-06-16&rankRange=0-5000,2026-03-22T00:41:33Z
atp,2025-06-16,P0K4,T. Pereira,Tiago Pereira,349,143,https://www.atptour.com/en/rankings/singles?dateWeek=2025-06-16&rankRange=0-5000,2026-03-22T00:41:33Z
atp,2025-06-16,J0B5,G. Johns,Garrett Johns,350,142,https://www.atptour.com/en/rankings/singles?dateWeek=2025-06-16&rankRange=0-5000,2026-03-22T00:41:33Z
atp,2025-06-16,I0A7,N. Ionel,Nicholas David Ionel,351,142,https://www.atptour.com/en/rankings/singles?dateWeek=2025-06-16&rankRange=0-5000,2026-03-22T00:41:33Z
atp,2025-06-16,R0BT,F. Roncadelli,Franco Roncadelli,352,141,https://www.atptour.com/en/rankings/singles?dateWeek=2025-06-16&rankRange=0-5000,2026-03-22T00:41:33Z
atp,2025-06-16,BK24,G. Barrere,Gregoire Barrere,353,140,https://www.atptour.com/en/rankings/singles?dateWeek=2025-06-16&rankRange=0-5000,2026-03-22T00:41:33Z
atp,2025-06-16,M0NP,A. Martin,Andres Martin,354,140,https://www.atptour.com/en/rankings/singles?dateWeek=2025-06-16&rankRange=0-5000,2026-03-22T00:41:33Z
atp,2025-06-16,BV24,R. Brancaccio,Raul Brancaccio,355,139,https://www.atptour.com/en/rankings/singles?dateWeek=2025-06-16&rankRange=0-5000,2026-03-22T00:41:33Z
atp,2025-06-16,P0D0,J. Paul,Jakub Paul,356,139,https://www.atptour.com/en/rankings/singles?dateWeek=2025-06-16&rankRange=0-5000,2026-03-22T00:41:33Z
atp,2025-06-16,S0AK,H. Squire,Henri Squire,357,139,https://www.atptour.com/en/rankings/singles?dateWeek=2025-06-16&rankRange=0-5000,2026-03-22T00:41:33Z
atp,2025-06-16,B0C0,A. Boitan,Adrian Boitan,358,138,https://www.atptour.com/en/rankings/singles?dateWeek=2025-06-16&rankRange=0-5000,2026-03-22T00:41:33Z
atp,2025-06-16,PL64,O. Prihodko,Oleg Prihodko,359,137,https://www.atptour.com/en/rankings/singles?dateWeek=2025-06-16&rankRange=0-5000,2026-03-22T00:41:33Z
atp,2025-06-16,Z419,B. Zapata Miralles,Bernabe Zapata Miralles,360,137,https://www.atptour.com/en/rankings/singles?dateWeek=2025-06-16&rankRange=0-5000,2026-03-22T00:41:33Z
atp,2025-06-16,D0L3,M. Dodig,Matej Dodig,361,137,https://www.atptour.com/en/rankings/singles?dateWeek=2025-06-16&rankRange=0-5000,2026-03-22T00:41:33Z
atp,2025-06-16,D0LJ,D. Dedura,Diego Dedura,362,137,https://www.atptour.com/en/rankings/singles?dateWeek=2025-06-16&rankRange=0-5000,2026-03-22T00:41:33Z
atp,2025-06-16,M0AC,R. Molleker,Rudolf Molleker,363,137,https://www.atptour.com/en/rankings/singles?dateWeek=2025-06-16&rankRange=0-5000,2026-03-22T00:41:33Z
atp,2025-06-16,RH62,M. Rosenkranz,Mats Rosenkranz,364,134,https://www.atptour.com/en/rankings/singles?dateWeek=2025-06-16&rankRange=0-5000,2026-03-22T00:41:33Z
atp,2025-06-16,KE64,S. Kozlov,Stefan Kozlov,365,133,https://www.atptour.com/en/rankings/singles?dateWeek=2025-06-16&rankRange=0-5000,2026-03-22T00:41:33Z
atp,2025-06-16,CF88,R. Cid Subervi,Roberto Cid Subervi,366,133,https://www.atptour.com/en/rankings/singles?dateWeek=2025-06-16&rankRange=0-5000,2026-03-22T00:41:33Z
atp,2025-06-16,I0B0,A. Ilagan,Andre Ilagan,367,133,https://www.atptour.com/en/rankings/singles?dateWeek=2025-06-16&rankRange=0-5000,2026-03-22T00:41:33Z
atp,2025-06-16,Z0A1,G. Zeppieri,Giulio Zeppieri,368,132,https://www.atptour.com/en/rankings/singles?dateWeek=2025-06-16&rankRange=0-5000,2026-03-22T00:41:33Z
atp,2025-06-16,B0BU,F. Bax,Florent Bax,369,132,https://www.atptour.com/en/rankings/singles?dateWeek=2025-06-16&rankRange=0-5000,2026-03-22T00:41:33Z
atp,2025-06-16,N0AL,G. Nanda,Govind Nanda,370,132,https://www.atptour.com/en/rankings/singles?dateWeek=2025-06-16&rankRange=0-5000,2026-03-22T00:41:33Z
atp,2025-06-16,G0AO,A. Gray,Alastair Gray,371,130,https://www.atptour.com/en/rankings/singles?dateWeek=2025-06-16&rankRange=0-5000,2026-03-22T00:41:33Z
atp,2025-06-16,K0HG,M. Karol,Milos Karol,372,130,https://www.atptour.com/en/rankings/singles?dateWeek=2025-06-16&rankRange=0-5000,2026-03-22T00:41:33Z
atp,2025-06-16,PJ74,L. Poullain,Lucas Poullain,373,130,https://www.atptour.com/en/rankings/singles?dateWeek=2025-06-16&rankRange=0-5000,2026-03-22T00:41:33Z
atp,2025-06-16,HC21,S. Hong,Seongchan Hong,374,129,https://www.atptour.com/en/rankings/singles?dateWeek=2025-06-16&rankRange=0-5000,2026-03-22T00:41:33Z
atp,2025-06-16,EA13,M. Echargui,Moez Echargui,375,129,https://www.atptour.com/en/rankings/singles?dateWeek=2025-06-16&rankRange=0-5000,2026-03-22T00:41:33Z
atp,2025-06-16,FC49,G. Fonio,Giovanni Fonio,376,127,https://www.atptour.com/en/rankings/singles?dateWeek=2025-06-16&rankRange=0-5000,2026-03-22T00:41:33Z
atp,2025-06-16,K0EU,T. Kodat,Toby Kodat,377,127,https://www.atptour.com/en/rankings/singles?dateWeek=2025-06-16&rankRange=0-5000,2026-03-22T00:41:33Z
atp,2025-06-16,B0EK,M. Bouzige,Moerani Bouzige,378,127,https://www.atptour.com/en/rankings/singles?dateWeek=2025-06-16&rankRange=0-5000,2026-03-22T00:41:33Z
atp,2025-06-16,H0DC,G. Hussey,Giles Hussey,379,126,https://www.atptour.com/en/rankings/singles?dateWeek=2025-06-16&rankRange=0-5000,2026-03-22T00:41:33Z
atp,2025-06-16,B0JJ,R. Bertrand,Robin Bertrand,380,126,https://www.atptour.com/en/rankings/singles?dateWeek=2025-06-16&rankRange=0-5000,2026-03-22T00:41:33Z
atp,2025-06-16,KC04,J. Kovalik,Jozef Kovalik,381,125,https://www.atptour.com/en/rankings/singles?dateWeek=2025-06-16&rankRange=0-5000,2026-03-22T00:41:33Z
atp,2025-06-16,CH27,H. Chung,Hyeon Chung,382,125,https://www.atptour.com/en/rankings/singles?dateWeek=2025-06-16&rankRange=0-5000,2026-03-22T00:41:33Z
atp,2025-06-16,S0BT,A. Soriano Barrera,Adria Soriano Barrera,383,125,https://www.atptour.com/en/rankings/singles?dateWeek=2025-06-16&rankRange=0-5000,2026-03-22T00:41:33Z
atp,2025-06-16,M0N1,L. Mikrut,Luka Mikrut,384,125,https://www.atptour.com/en/rankings/singles?dateWeek=2025-06-16&rankRange=0-5000,2026-03-22T00:41:33Z
atp,2025-06-16,A0EA,M. Alcala Gurri,Max Alcala Gurri,385,125,https://www.atptour.com/en/rankings/singles?dateWeek=2025-06-16&rankRange=0-5000,2026-03-22T00:41:33Z
atp,2025-06-16,PL39,A. Perez,Alfredo Perez,386,124,https://www.atptour.com/en/rankings/singles?dateWeek=2025-06-16&rankRange=0-5000,2026-03-22T00:41:33Z
atp,2025-06-16,RG42,A. Rybakov,Alex Rybakov,387,124,https://www.atptour.com/en/rankings/singles?dateWeek=2025-06-16&rankRange=0-5000,2026-03-22T00:41:33Z
atp,2025-06-16,K0CJ,S. Kopp,Sandro Kopp,388,124,https://www.atptour.com/en/rankings/singles?dateWeek=2025-06-16&rankRange=0-5000,2026-03-22T00:41:33Z
atp,2025-06-16,P0HP,L. Pokorny,Lukas Pokorny,389,124,https://www.atptour.com/en/rankings/singles?dateWeek=2025-06-16&rankRange=0-5000,2026-03-22T00:41:33Z
atp,2025-06-16,B0FI,P. Boscardin Dias,Pedro Boscardin Dias,390,124,https://www.atptour.com/en/rankings/singles?dateWeek=2025-06-16&rankRange=0-5000,2026-03-22T00:41:33Z
atp,2025-06-16,S0HR,K. Samrej,Kasidit Samrej,391,123,https://www.atptour.com/en/rankings/singles?dateWeek=2025-06-16&rankRange=0-5000,2026-03-22T00:41:33Z
atp,2025-06-16,PG94,M. Polmans,Marc Polmans,392,121,https://www.atptour.com/en/rankings/singles?dateWeek=2025-06-16&rankRange=0-5000,2026-03-22T00:41:33Z
atp,2025-06-16,KC29,N. Kicker,Nicolas Kicker,393,119,https://www.atptour.com/en/rankings/singles?dateWeek=2025-06-16&rankRange=0-5000,2026-03-22T00:41:33Z
atp,2025-06-16,J0AW,G. Justo,Guido Ivan Justo,394,119,https://www.atptour.com/en/rankings/singles?dateWeek=2025-06-16&rankRange=0-5000,2026-03-22T00:41:33Z
atp,2025-06-16,V821,G. Villanueva,Gonzalo Villanueva,395,119,https://www.atptour.com/en/rankings/singles?dateWeek=2025-06-16&rankRange=0-5000,2026-03-22T00:41:33Z
atp,2025-06-16,CF01,M. Cecchinato,Marco Cecchinato,396,118,https://www.atptour.com/en/rankings/singles?dateWeek=2025-06-16&rankRange=0-5000,2026-03-22T00:41:33Z
atp,2025-06-16,LC12,L. Lokoli,Laurent Lokoli,397,118,https://www.atptour.com/en/rankings/singles?dateWeek=2025-06-16&rankRange=0-5000,2026-03-22T00:41:33Z
atp,2025-06-16,H0BF,P. Henning,Philip Henning,398,117,https://www.atptour.com/en/rankings/singles?dateWeek=2025-06-16&rankRange=0-5000,2026-03-22T00:41:33Z
atp,2025-06-16,CD00,M. Chazal,Maxime Chazal,399,117,https://www.atptour.com/en/rankings/singles?dateWeek=2025-06-16&rankRange=0-5000,2026-03-22T00:41:33Z
atp,2025-06-16,VA23,K. Van Wyk,Kris Van Wyk,400,117,https://www.atptour.com/en/rankings/singles?dateWeek=2025-06-16&rankRange=0-5000,2026-03-22T00:41:33Z
atp,2025-06-16,J0D2,M. Jones,Maximus Jones,401,117,https://www.atptour.com/en/rankings/singles?dateWeek=2025-06-16&rankRange=0-5000,2026-03-22T00:41:33Z
atp,2025-06-16,P0JG,G. Pennaforti,Gabriele Pennaforti,402,116,https://www.atptour.com/en/rankings/singles?dateWeek=2025-06-16&rankRange=0-5000,2026-03-22T00:41:33Z
atp,2025-06-16,D0A2,M. Dellavedova,Matthew Dellavedova,403,116,https://www.atptour.com/en/rankings/singles?dateWeek=2025-06-16&rankRange=0-5000,2026-03-22T00:41:33Z
atp,2025-06-16,W09G,J. Wolf,J.j. Wolf,404,115,https://www.atptour.com/en/rankings/singles?dateWeek=2025-06-16&rankRange=0-5000,2026-03-22T00:41:33Z
atp,2025-06-16,D0D4,S. Dostanic,Stefan Dostanic,405,115,https://www.atptour.com/en/rankings/singles?dateWeek=2025-06-16&rankRange=0-5000,2026-03-22T00:41:33Z
atp,2025-06-16,G0BY,D. Glinka,Daniil Glinka,406,115,https://www.atptour.com/en/rankings/singles?dateWeek=2025-06-16&rankRange=0-5000,2026-03-22T00:41:33Z
atp,2025-06-16,G0IB,T. Gentzsch,Tom Gentzsch,407,115,https://www.atptour.com/en/rankings/singles?dateWeek=2025-06-16&rankRange=0-5000,2026-03-22T00:41:33Z
atp,2025-06-16,P0GN,T. Paris,Tom Paris,408,114,https://www.atptour.com/en/rankings/singles?dateWeek=2025-06-16&rankRange=0-5000,2026-03-22T00:41:33Z
atp,2025-06-16,G0J9,S. Gulin,Svyatoslav Gulin,409,113,https://www.atptour.com/en/rankings/singles?dateWeek=2025-06-16&rankRange=0-5000,2026-03-22T00:41:33Z
atp,2025-06-16,O0AD,N. Oberleitner,Neil Oberleitner,410,113,https://www.atptour.com/en/rankings/singles?dateWeek=2025-06-16&rankRange=0-5000,2026-03-22T00:41:33Z
atp,2025-06-16,Z0AB,A. Zakharov,Alexey Zakharov,411,112,https://www.atptour.com/en/rankings/singles?dateWeek=2025-06-16&rankRange=0-5000,2026-03-22T00:41:33Z
atp,2025-06-16,K966,M. Klizan,Martin Klizan,412,112,https://www.atptour.com/en/rankings/singles?dateWeek=2025-06-16&rankRange=0-5000,2026-03-22T00:41:33Z
atp,2025-06-16,N663,M. Neuchrist,Maximilian Neuchrist,413,111,https://www.atptour.com/en/rankings/singles?dateWeek=2025-06-16&rankRange=0-5000,2026-03-22T00:41:33Z
atp,2025-06-16,LC54,B. Lock,Benjamin Lock,414,111,https://www.atptour.com/en/rankings/singles?dateWeek=2025-06-16&rankRange=0-5000,2026-03-22T00:41:33Z
atp,2025-06-16,KE69,M. Kestelboim,Mariano Kestelboim,415,111,https://www.atptour.com/en/rankings/singles?dateWeek=2025-06-16&rankRange=0-5000,2026-03-22T00:41:33Z
atp,2025-06-16,B0J8,M. Braswell,Micah Braswell,416,111,https://www.atptour.com/en/rankings/singles?dateWeek=2025-06-16&rankRange=0-5000,2026-03-22T00:41:33Z
atp,2025-06-16,AA27,F. Agamenone,Franco Agamenone,417,111,https://www.atptour.com/en/rankings/singles?dateWeek=2025-06-16&rankRange=0-5000,2026-03-22T00:41:33Z
atp,2025-06-16,W0BB,M. Wiskandt,Max Wiskandt,418,109,https://www.atptour.com/en/rankings/singles?dateWeek=2025-06-16&rankRange=0-5000,2026-03-22T00:41:33Z
atp,2025-06-16,D0CN,M. Damas,Miguel Damas,419,109,https://www.atptour.com/en/rankings/singles?dateWeek=2025-06-16&rankRange=0-5000,2026-03-22T00:41:33Z
atp,2025-06-16,B0PE,F. Bondioli,Federico Bondioli,420,109,https://www.atptour.com/en/rankings/singles?dateWeek=2025-06-16&rankRange=0-5000,2026-03-22T00:41:33Z
atp,2025-06-16,B0GI,A. Binda,Alexander Binda,421,109,https://www.atptour.com/en/rankings/singles?dateWeek=2025-06-16&rankRange=0-5000,2026-03-22T00:41:33Z
atp,2025-06-16,GH33,M. Guinard,Manuel Guinard,422,108,https://www.atptour.com/en/rankings/singles?dateWeek=2025-06-16&rankRange=0-5000,2026-03-22T00:41:33Z
atp,2025-06-16,TF58,Y. Takahashi,Yusuke Takahashi,423,108,https://www.atptour.com/en/rankings/singles?dateWeek=2025-06-16&rankRange=0-5000,2026-03-22T00:41:33Z
atp,2025-06-16,S09P,S. Shin,Sanhui Shin,424,106,https://www.atptour.com/en/rankings/singles?dateWeek=2025-06-16&rankRange=0-5000,2026-03-22T00:41:33Z
atp,2025-06-16,KD87,E. Karlovskiy,Evgeny Karlovskiy,425,106,https://www.atptour.com/en/rankings/singles?dateWeek=2025-06-16&rankRange=0-5000,2026-03-22T00:41:33Z
atp,2025-06-16,A09W,J. Aguilar,Juan Carlos Aguilar,426,105,https://www.atptour.com/en/rankings/singles?dateWeek=2025-06-16&rankRange=0-5000,2026-03-22T00:41:33Z
atp,2025-06-16,MP13,M. Sasikumar,Mukund Sasikumar,427,105,https://www.atptour.com/en/rankings/singles?dateWeek=2025-06-16&rankRange=0-5000,2026-03-22T00:41:33Z
atp,2025-06-16,C0BB,T. Compagnucci,Tommaso Compagnucci,428,105,https://www.atptour.com/en/rankings/singles?dateWeek=2025-06-16&rankRange=0-5000,2026-03-22T00:41:33Z
atp,2025-06-16,S0KT,S. Sakellaridis,Stefanos Sakellaridis,429,105,https://www.atptour.com/en/rankings/singles?dateWeek=2025-06-16&rankRange=0-5000,2026-03-22T00:41:33Z
atp,2025-06-16,A0G7,V. Aboian,Valerio Aboian,430,105,https://www.atptour.com/en/rankings/singles?dateWeek=2025-06-16&rankRange=0-5000,2026-03-22T00:41:33Z
atp,2025-06-16,ML57,G. Mager,Gianluca Mager,431,104,https://www.atptour.com/en/rankings/singles?dateWeek=2025-06-16&rankRange=0-5000,2026-03-22T00:41:33Z
atp,2025-06-16,DB59,D. Novak,Dennis Novak,432,104,https://www.atptour.com/en/rankings/singles?dateWeek=2025-06-16&rankRange=0-5000,2026-03-22T00:41:33Z
atp,2025-06-16,A0F3,F. Andaloro,Fabrizio Andaloro,433,104,https://www.atptour.com/en/rankings/singles?dateWeek=2025-06-16&rankRange=0-5000,2026-03-22T00:41:33Z
atp,2025-06-16,P0I6,G. Piraino,Gabriele Piraino,434,104,https://www.atptour.com/en/rankings/singles?dateWeek=2025-06-16&rankRange=0-5000,2026-03-22T00:41:33Z
atp,2025-06-16,P0DR,A. Picchione,Andrea Picchione,435,104,https://www.atptour.com/en/rankings/singles?dateWeek=2025-06-16&rankRange=0-5000,2026-03-22T00:41:33Z
atp,2025-06-16,R0IL,I. Radulov,Iliyan Radulov,436,104,https://www.atptour.com/en/rankings/singles?dateWeek=2025-06-16&rankRange=0-5000,2026-03-22T00:41:33Z
atp,2025-06-16,N0B4,R. Nijboer,Ryan Nijboer,437,104,https://www.atptour.com/en/rankings/singles?dateWeek=2025-06-16&rankRange=0-5000,2026-03-22T00:41:33Z
atp,2025-06-16,M0NL,I. Montes-De La Torre,Inaki Montes De La Torre,438,103,https://www.atptour.com/en/rankings/singles?dateWeek=2025-06-16&rankRange=0-5000,2026-03-22T00:41:33Z
atp,2025-06-16,BV21,C. Broom,Charles Broom,439,102,https://www.atptour.com/en/rankings/singles?dateWeek=2025-06-16&rankRange=0-5000,2026-03-22T00:41:33Z
atp,2025-06-16,J620,M. Janvier,Maxime Janvier,440,101,https://www.atptour.com/en/rankings/singles?dateWeek=2025-06-16&rankRange=0-5000,2026-03-22T00:41:33Z
atp,2025-06-16,M0GY,L. Marmousez,Lilian Marmousez,441,101,https://www.atptour.com/en/rankings/singles?dateWeek=2025-06-16&rankRange=0-5000,2026-03-22T00:41:33Z
atp,2025-06-16,C0MH,G. Campana Lee,Gerard Campana Lee,442,101,https://www.atptour.com/en/rankings/singles?dateWeek=2025-06-16&rankRange=0-5000,2026-03-22T00:41:33Z
atp,2025-06-16,P0BK,S. Parker,Stuart Parker,443,101,https://www.atptour.com/en/rankings/singles?dateWeek=2025-06-16&rankRange=0-5000,2026-03-22T00:41:33Z
atp,2025-06-16,T0IZ,A. Tudorica,Alvin Nicholas Tudorica,444,101,https://www.atptour.com/en/rankings/singles?dateWeek=2025-06-16&rankRange=0-5000,2026-03-22T00:41:33Z
atp,2025-06-16,S0TX,H. Searle,Henry Searle,445,100,https://www.atptour.com/en/rankings/singles?dateWeek=2025-06-16&rankRange=0-5000,2026-03-22T00:41:33Z
atp,2025-06-16,N0DB,A. Nedic,Andrej Nedic,446,100,https://www.atptour.com/en/rankings/singles?dateWeek=2025-06-16&rankRange=0-5000,2026-03-22T00:41:33Z
atp,2025-06-16,S0WT,J. Schwaerzler,Joel Schwaerzler,447,100,https://www.atptour.com/en/rankings/singles?dateWeek=2025-06-16&rankRange=0-5000,2026-03-22T00:41:33Z
atp,2025-06-16,S0RI,K. Singh,Karan Singh,448,100,https://www.atptour.com/en/rankings/singles?dateWeek=2025-06-16&rankRange=0-5000,2026-03-22T00:41:33Z
atp,2025-06-16,KI48,E. Kirkin,Ergi Kirkin,449,99,https://www.atptour.com/en/rankings/singles?dateWeek=2025-06-16&rankRange=0-5000,2026-03-22T00:41:33Z
atp,2025-06-16,K0DP,O. Krutykh,Oleksii Krutykh,450,99,https://www.atptour.com/en/rankings/singles?dateWeek=2025-06-16&rankRange=0-5000,2026-03-22T00:41:33Z
atp,2025-06-16,F0A3,S. Fomin,Sergey Fomin,451,99,https://www.atptour.com/en/rankings/singles?dateWeek=2025-06-16&rankRange=0-5000,2026-03-22T00:41:33Z
atp,2025-06-16,C0BC,M. Cressy,Maxime Cressy,452,98,https://www.atptour.com/en/rankings/singles?dateWeek=2025-06-16&rankRange=0-5000,2026-03-22T00:41:33Z
atp,2025-06-16,KH56,Z. Kolar,Zdenek Kolar,453,98,https://www.atptour.com/en/rankings/singles?dateWeek=2025-06-16&rankRange=0-5000,2026-03-22T00:41:33Z
atp,2025-06-16,CG94,E. Couacaud,Enzo Couacaud,454,96,https://www.atptour.com/en/rankings/singles?dateWeek=2025-06-16&rankRange=0-5000,2026-03-22T00:41:33Z
atp,2025-06-16,V0DI,S. Vincent Ruggeri,Samuel Vincent Ruggeri,455,96,https://www.atptour.com/en/rankings/singles?dateWeek=2025-06-16&rankRange=0-5000,2026-03-22T00:41:33Z
atp,2025-06-16,N0CJ,P. Nesterov,Petr Nesterov,456,96,https://www.atptour.com/en/rankings/singles?dateWeek=2025-06-16&rankRange=0-5000,2026-03-22T00:41:33Z
atp,2025-06-16,S0IN,W. Shin,Woobin Shin,457,96,https://www.atptour.com/en/rankings/singles?dateWeek=2025-06-16&rankRange=0-5000,2026-03-22T00:41:33Z
atp,2025-06-16,MN20,D. Masur,Daniel Masur,458,94,https://www.atptour.com/en/rankings/singles?dateWeek=2025-06-16&rankRange=0-5000,2026-03-22T00:41:33Z
atp,2025-06-16,DH55,M. De Krom,Michiel De Krom,459,94,https://www.atptour.com/en/rankings/singles?dateWeek=2025-06-16&rankRange=0-5000,2026-03-22T00:41:33Z
atp,2025-06-16,S0W8,A. Shah,Aryan Shah,460,94,https://www.atptour.com/en/rankings/singles?dateWeek=2025-06-16&rankRange=0-5000,2026-03-22T00:41:33Z
atp,2025-06-16,V0B2,M. Vrbensky,Michael Vrbensky,461,94,https://www.atptour.com/en/rankings/singles?dateWeek=2025-06-16&rankRange=0-5000,2026-03-22T00:41:33Z
atp,2025-06-16,U176,V. Ursu,Vadym Ursu,462,94,https://www.atptour.com/en/rankings/singles?dateWeek=2025-06-16&rankRange=0-5000,2026-03-22T00:41:33Z
atp,2025-06-16,V0D4,E. Vanshelboim,Eric Vanshelboim,463,94,https://www.atptour.com/en/rankings/singles?dateWeek=2025-06-16&rankRange=0-5000,2026-03-22T00:41:33Z
atp,2025-06-16,M0FA,A. Matusevich,Anton Matusevich,464,93,https://www.atptour.com/en/rankings/singles?dateWeek=2025-06-16&rankRange=0-5000,2026-03-22T00:41:33Z
atp,2025-06-16,MI01,H. Moriya,Hiroki Moriya,465,93,https://www.atptour.com/en/rankings/singles?dateWeek=2025-06-16&rankRange=0-5000,2026-03-22T00:41:33Z
atp,2025-06-16,C0NN,G. Cadenasso,Gianluca Cadenasso,466,93,https://www.atptour.com/en/rankings/singles?dateWeek=2025-06-16&rankRange=0-5000,2026-03-22T00:41:33Z
atp,2025-06-16,RH50,A. Reymond,Arthur Reymond,467,92,https://www.atptour.com/en/rankings/singles?dateWeek=2025-06-16&rankRange=0-5000,2026-03-22T00:41:33Z
atp,2025-06-16,DA86,J. De Loore,Joris De Loore,468,91,https://www.atptour.com/en/rankings/singles?dateWeek=2025-06-16&rankRange=0-5000,2026-03-22T00:41:33Z
atp,2025-06-16,F0F4,K. Feldbausch,Kilian Feldbausch,469,91,https://www.atptour.com/en/rankings/singles?dateWeek=2025-06-16&rankRange=0-5000,2026-03-22T00:41:33Z
atp,2025-06-16,I0AX,K. Isomura,Kokoro Isomura,470,91,https://www.atptour.com/en/rankings/singles?dateWeek=2025-06-16&rankRange=0-5000,2026-03-22T00:41:33Z
atp,2025-06-16,C0I4,T. Colson,Tibo Colson,471,91,https://www.atptour.com/en/rankings/singles?dateWeek=2025-06-16&rankRange=0-5000,2026-03-22T00:41:33Z
atp,2025-06-16,B0QC,G. Bailly,Gilles Arnaud Bailly,472,91,https://www.atptour.com/en/rankings/singles?dateWeek=2025-06-16&rankRange=0-5000,2026-03-22T00:41:33Z
atp,2025-06-16,U120,K. Uchida,Kaichi Uchida,473,90,https://www.atptour.com/en/rankings/singles?dateWeek=2025-06-16&rankRange=0-5000,2026-03-22T00:41:33Z
atp,2025-06-16,R0DC,A. Rai,Ajeet Rai,474,90,https://www.atptour.com/en/rankings/singles?dateWeek=2025-06-16&rankRange=0-5000,2026-03-22T00:41:33Z
atp,2025-06-16,A0FM,E. Agafonov,Egor Agafonov,475,90,https://www.atptour.com/en/rankings/singles?dateWeek=2025-06-16&rankRange=0-5000,2026-03-22T00:41:33Z
atp,2025-06-16,E831,K. Edmund,Kyle Edmund,476,89,https://www.atptour.com/en/rankings/singles?dateWeek=2025-06-16&rankRange=0-5000,2026-03-22T00:41:33Z
atp,2025-06-16,TD47,E. Tiurnev,Evgenii Tiurnev,477,89,https://www.atptour.com/en/rankings/singles?dateWeek=2025-06-16&rankRange=0-5000,2026-03-22T00:41:33Z
atp,2025-06-16,A0I1,B. Artnak,Bor Artnak,478,88,https://www.atptour.com/en/rankings/singles?dateWeek=2025-06-16&rankRange=0-5000,2026-03-22T00:41:33Z
atp,2025-06-16,A0ES,P. Araujo,Pedro Araujo,479,88,https://www.atptour.com/en/rankings/singles?dateWeek=2025-06-16&rankRange=0-5000,2026-03-22T00:41:33Z
atp,2025-06-16,P0FY,A. Pecci,Alessandro Pecci,480,87,https://www.atptour.com/en/rankings/singles?dateWeek=2025-06-16&rankRange=0-5000,2026-03-22T00:41:33Z
atp,2025-06-16,F0DM,A. Fery,Arthur Fery,481,86,https://www.atptour.com/en/rankings/singles?dateWeek=2025-06-16&rankRange=0-5000,2026-03-22T00:41:33Z
atp,2025-06-16,S0TI,P. Sekulic,Philip Sekulic,482,86,https://www.atptour.com/en/rankings/singles?dateWeek=2025-06-16&rankRange=0-5000,2026-03-22T00:41:33Z
atp,2025-06-16,S0DL,R. Seggerman,Ryan Seggerman,483,86,https://www.atptour.com/en/rankings/singles?dateWeek=2025-06-16&rankRange=0-5000,2026-03-22T00:41:33Z
atp,2025-06-16,DB32,Y. Dzhavakian,Yurii Dzhavakian,484,85,https://www.atptour.com/en/rankings/singles?dateWeek=2025-06-16&rankRange=0-5000,2026-03-22T00:41:33Z
atp,2025-06-16,MV14,A. Molcan,Alex Molcan,485,84,https://www.atptour.com/en/rankings/singles?dateWeek=2025-06-16&rankRange=0-5000,2026-03-22T00:41:33Z
atp,2025-06-16,CG04,P. Cachin,Pedro Cachin,486,83,https://www.atptour.com/en/rankings/singles?dateWeek=2025-06-16&rankRange=0-5000,2026-03-22T00:41:33Z
atp,2025-06-16,CG07,H. Casanova,Hernan Casanova,487,83,https://www.atptour.com/en/rankings/singles?dateWeek=2025-06-16&rankRange=0-5000,2026-03-22T00:41:33Z
atp,2025-06-16,P0IT,O. Pieczkowski,Olaf Pieczkowski,488,83,https://www.atptour.com/en/rankings/singles?dateWeek=2025-06-16&rankRange=0-5000,2026-03-22T00:41:33Z
atp,2025-06-16,DC38,J. Delaney,Jake Delaney,489,83,https://www.atptour.com/en/rankings/singles?dateWeek=2025-06-16&rankRange=0-5000,2026-03-22T00:41:33Z
atp,2025-06-16,H0CD,A. Hernandez,Alex Hernandez,490,82,https://www.atptour.com/en/rankings/singles?dateWeek=2025-06-16&rankRange=0-5000,2026-03-22T00:41:33Z
atp,2025-06-16,WB19,A. Weis,Alexander Weis,491,82,https://www.atptour.com/en/rankings/singles?dateWeek=2025-06-16&rankRange=0-5000,2026-03-22T00:41:33Z
atp,2025-06-16,A0IA,E. Arutiunian,Erik Arutiunian,492,82,https://www.atptour.com/en/rankings/singles?dateWeek=2025-06-16&rankRange=0-5000,2026-03-22T00:41:33Z
atp,2025-06-16,D0HJ,B. Djuric,Branko Djuric,493,81,https://www.atptour.com/en/rankings/singles?dateWeek=2025-06-16&rankRange=0-5000,2026-03-22T00:41:33Z
atp,2025-06-16,W0AH,H. Wendelken,Harry Wendelken,494,81,https://www.atptour.com/en/rankings/singles?dateWeek=2025-06-16&rankRange=0-5000,2026-03-22T00:41:33Z
atp,2025-06-16,R0FS,L. Riedi,Leandro Riedi,495,80,https://www.atptour.com/en/rankings/singles?dateWeek=2025-06-16&rankRange=0-5000,2026-03-22T00:41:33Z
atp,2025-06-16,M0CW,A. McHugh,Aidan Mchugh,496,80,https://www.atptour.com/en/rankings/singles?dateWeek=2025-06-16&rankRange=0-5000,2026-03-22T00:41:33Z
atp,2025-06-16,S0DQ,K. Smith,Keegan Smith,497,80,https://www.atptour.com/en/rankings/singles?dateWeek=2025-06-16&rankRange=0-5000,2026-03-22T00:41:33Z
atp,2025-06-16,Z0BZ,M. Zheng,Michael Zheng,498,79,https://www.atptour.com/en/rankings/singles?dateWeek=2025-06-16&rankRange=0-5000,2026-03-22T00:41:33Z
atp,2025-06-16,I330,S. Imai,Shintaro Imai,499,79,https://www.atptour.com/en/rankings/singles?dateWeek=2025-06-16&rankRange=0-5000,2026-03-22T00:41:33Z
atp,2025-06-16,BP79,P. Bertran,Peter Bertran,500,78,https://www.atptour.com/en/rankings/singles?dateWeek=2025-06-16&rankRange=0-5000,2026-03-22T00:41:33Z
atp,2025-06-16,R09V,E. Ribeiro,Eduardo Ribeiro,501,77,https://www.atptour.com/en/rankings/singles?dateWeek=2025-06-16&rankRange=0-5000,2026-03-22T00:41:33Z
atp,2025-06-16,B0OV,P. Brunclik,Petr Brunclik,502,77,https://www.atptour.com/en/rankings/singles?dateWeek=2025-06-16&rankRange=0-5000,2026-03-22T00:41:33Z
atp,2025-06-16,PD31,B. Paire,Benoit Paire,503,77,https://www.atptour.com/en/rankings/singles?dateWeek=2025-06-16&rankRange=0-5000,2026-03-22T00:41:33Z
atp,2025-06-16,L0GR,J. La Serna,Juan Manuel La Serna,504,77,https://www.atptour.com/en/rankings/singles?dateWeek=2025-06-16&rankRange=0-5000,2026-03-22T00:41:33Z
atp,2025-06-16,M0G0,R. Matsuda,Ryuki Matsuda,505,77,https://www.atptour.com/en/rankings/singles?dateWeek=2025-06-16&rankRange=0-5000,2026-03-22T00:41:33Z
atp,2025-06-16,I306,C. Ilkel,Cem Ilkel,506,76,https://www.atptour.com/en/rankings/singles?dateWeek=2025-06-16&rankRange=0-5000,2026-03-22T00:41:33Z
atp,2025-06-16,M0BN,M. Moeller,Marvin Moeller,507,76,https://www.atptour.com/en/rankings/singles?dateWeek=2025-06-16&rankRange=0-5000,2026-03-22T00:41:33Z
atp,2025-06-16,K0DB,C. Kingsley,Cannon Kingsley,508,76,https://www.atptour.com/en/rankings/singles?dateWeek=2025-06-16&rankRange=0-5000,2026-03-22T00:41:33Z
atp,2025-06-16,M0QK,L. Massard,Loann Massard,509,76,https://www.atptour.com/en/rankings/singles?dateWeek=2025-06-16&rankRange=0-5000,2026-03-22T00:41:33Z
atp,2025-06-16,I09N,F. Iannaccone,Federico Iannaccone,510,76,https://www.atptour.com/en/rankings/singles?dateWeek=2025-06-16&rankRange=0-5000,2026-03-22T00:41:33Z
atp,2025-06-16,T0AA,D. Tomescu,Dan Alexandru Tomescu,511,75,https://www.atptour.com/en/rankings/singles?dateWeek=2025-06-16&rankRange=0-5000,2026-03-22T00:41:33Z
atp,2025-06-16,B0LL,V. Bielinskyi,Viacheslav Bielinskyi,512,75,https://www.atptour.com/en/rankings/singles?dateWeek=2025-06-16&rankRange=0-5000,2026-03-22T00:41:33Z
atp,2025-06-16,B0JG,L. Borg,Leo Borg,513,75,https://www.atptour.com/en/rankings/singles?dateWeek=2025-06-16&rankRange=0-5000,2026-03-22T00:41:33Z
atp,2025-06-16,J476,D. Jorda Sanchis,David Jorda Sanchis,514,74,https://www.atptour.com/en/rankings/singles?dateWeek=2025-06-16&rankRange=0-5000,2026-03-22T00:41:33Z
atp,2025-06-16,F0DP,P. Fajta,Peter Fajta,515,74,https://www.atptour.com/en/rankings/singles?dateWeek=2025-06-16&rankRange=0-5000,2026-03-22T00:41:33Z
atp,2025-06-16,V0BD,N. Vylegzhanin,Nikolay Vylegzhanin,516,74,https://www.atptour.com/en/rankings/singles?dateWeek=2025-06-16&rankRange=0-5000,2026-03-22T00:41:33Z
atp,2025-06-16,B0JP,D. Blanch,Dali Blanch,517,74,https://www.atptour.com/en/rankings/singles?dateWeek=2025-06-16&rankRange=0-5000,2026-03-22T00:41:33Z
atp,2025-06-16,P0BM,T. Paroulek,Tadeas Paroulek,518,73,https://www.atptour.com/en/rankings/singles?dateWeek=2025-06-16&rankRange=0-5000,2026-03-22T00:41:33Z
atp,2025-06-16,M0GB,A. Martinez,Alex Martinez,519,73,https://www.atptour.com/en/rankings/singles?dateWeek=2025-06-16&rankRange=0-5000,2026-03-22T00:41:33Z
atp,2025-06-16,K0FY,M. Krumich,Martin Krumich,520,73,https://www.atptour.com/en/rankings/singles?dateWeek=2025-06-16&rankRange=0-5000,2026-03-22T00:41:33Z
atp,2025-06-16,L0C1,C. Lopez Montagud,Carlos Lopez Montagud,521,73,https://www.atptour.com/en/rankings/singles?dateWeek=2025-06-16&rankRange=0-5000,2026-03-22T00:41:33Z
atp,2025-06-16,SY00,C. Sigsgaard,Christian Sigsgaard,522,72,https://www.atptour.com/en/rankings/singles?dateWeek=2025-06-16&rankRange=0-5000,2026-03-22T00:41:33Z
atp,2025-06-16,G0A0,A. Guerrieri,Andrea Guerrieri,523,72,https://www.atptour.com/en/rankings/singles?dateWeek=2025-06-16&rankRange=0-5000,2026-03-22T00:41:33Z
atp,2025-06-16,CN15,F. Corwin,Felix Corwin,524,72,https://www.atptour.com/en/rankings/singles?dateWeek=2025-06-16&rankRange=0-5000,2026-03-22T00:41:33Z
atp,2025-06-16,KE36,D. Kellovsky,Dominik Kellovsky,525,72,https://www.atptour.com/en/rankings/singles?dateWeek=2025-06-16&rankRange=0-5000,2026-03-22T00:41:33Z
atp,2025-06-16,M0I0,M. Mckennon,Maxwell Mckennon,526,72,https://www.atptour.com/en/rankings/singles?dateWeek=2025-06-16&rankRange=0-5000,2026-03-22T00:41:33Z
atp,2025-06-16,W0BU,O. Wallin,Olle Wallin,527,71,https://www.atptour.com/en/rankings/singles?dateWeek=2025-06-16&rankRange=0-5000,2026-03-22T00:41:33Z
atp,2025-06-16,C0OW,L. Carboni,Lorenzo Carboni,528,71,https://www.atptour.com/en/rankings/singles?dateWeek=2025-06-16&rankRange=0-5000,2026-03-22T00:41:33Z
atp,2025-06-16,MK26,J. Marie,Jules Marie,529,70,https://www.atptour.com/en/rankings/singles?dateWeek=2025-06-16&rankRange=0-5000,2026-03-22T00:41:33Z
atp,2025-06-16,V993,E. Vasa,Eero Vasa,530,70,https://www.atptour.com/en/rankings/singles?dateWeek=2025-06-16&rankRange=0-5000,2026-03-22T00:41:33Z
atp,2025-06-16,GC89,E. Gerasimov,Egor Gerasimov,531,69,https://www.atptour.com/en/rankings/singles?dateWeek=2025-06-16&rankRange=0-5000,2026-03-22T00:41:33Z
atp,2025-06-16,GF23,L. Gerch,Lucas Gerch,532,69,https://www.atptour.com/en/rankings/singles?dateWeek=2025-06-16&rankRange=0-5000,2026-03-22T00:41:33Z
atp,2025-06-16,LC11,T. Lamasine,Tristan Lamasine,533,69,https://www.atptour.com/en/rankings/singles?dateWeek=2025-06-16&rankRange=0-5000,2026-03-22T00:41:33Z
atp,2025-06-16,BU36,A. Barroso Campos,Alberto Barroso Campos,534,69,https://www.atptour.com/en/rankings/singles?dateWeek=2025-06-16&rankRange=0-5000,2026-03-22T00:41:33Z
atp,2025-06-16,S0XE,A. Sanchez Quilez,Alejo Sanchez Quilez,535,69,https://www.atptour.com/en/rankings/singles?dateWeek=2025-06-16&rankRange=0-5000,2026-03-22T00:41:33Z
atp,2025-06-16,KF17,S. Kwon,Soonwoo Kwon,536,68,https://www.atptour.com/en/rankings/singles?dateWeek=2025-06-16&rankRange=0-5000,2026-03-22T00:41:33Z
atp,2025-06-16,TG30,R. Te,Rigele Te,537,68,https://www.atptour.com/en/rankings/singles?dateWeek=2025-06-16&rankRange=0-5000,2026-03-22T00:41:33Z
atp,2025-06-16,R0BC,L. Rodriguez,Lorenzo Joaquin Rodriguez,538,68,https://www.atptour.com/en/rankings/singles?dateWeek=2025-06-16&rankRange=0-5000,2026-03-22T00:41:33Z
atp,2025-06-16,H0B5,T. Huang,Tsung Hao Huang,539,68,https://www.atptour.com/en/rankings/singles?dateWeek=2025-06-16&rankRange=0-5000,2026-03-22T00:41:33Z
atp,2025-06-16,C0AZ,A. Cornut-Chauvinc,Antoine Cornut Chauvinc,540,67,https://www.atptour.com/en/rankings/singles?dateWeek=2025-06-16&rankRange=0-5000,2026-03-22T00:41:33Z
atp,2025-06-16,HG90,C. Huertas del Pino,Conner Huertas Del Pino,541,67,https://www.atptour.com/en/rankings/singles?dateWeek=2025-06-16&rankRange=0-5000,2026-03-22T00:41:33Z
atp,2025-06-16,B0C5,F. Broska,Florian Broska,542,67,https://www.atptour.com/en/rankings/singles?dateWeek=2025-06-16&rankRange=0-5000,2026-03-22T00:41:33Z
atp,2025-06-16,F0BV,T. Farjat,Tomas Farjat,543,67,https://www.atptour.com/en/rankings/singles?dateWeek=2025-06-16&rankRange=0-5000,2026-03-22T00:41:33Z
atp,2025-06-16,V708,J. Vesely,Jiri Vesely,544,67,https://www.atptour.com/en/rankings/singles?dateWeek=2025-06-16&rankRange=0-5000,2026-03-22T00:41:33Z
atp,2025-06-16,S0EX,H. Stewart,Hamish Stewart,545,67,https://www.atptour.com/en/rankings/singles?dateWeek=2025-06-16&rankRange=0-5000,2026-03-22T00:41:33Z
atp,2025-06-16,D0DC,E. Donnet,Etienne Donnet,546,67,https://www.atptour.com/en/rankings/singles?dateWeek=2025-06-16&rankRange=0-5000,2026-03-22T00:41:33Z
atp,2025-06-16,MM79,B. Mott,Blake Mott,547,67,https://www.atptour.com/en/rankings/singles?dateWeek=2025-06-16&rankRange=0-5000,2026-03-22T00:41:33Z
atp,2025-06-16,P0C1,K. Poling,Karl Poling,548,67,https://www.atptour.com/en/rankings/singles?dateWeek=2025-06-16&rankRange=0-5000,2026-03-22T00:41:33Z
atp,2025-06-16,BP74,A. Bakshi,Aleksandre Bakshi,549,67,https://www.atptour.com/en/rankings/singles?dateWeek=2025-06-16&rankRange=0-5000,2026-03-22T00:41:33Z
atp,2025-06-16,D0DT,M. Damm,Martin Damm,550,66,https://www.atptour.com/en/rankings/singles?dateWeek=2025-06-16&rankRange=0-5000,2026-03-22T00:41:33Z
atp,2025-06-16,N0D9,J. Nicod,Jakub Nicod,551,66,https://www.atptour.com/en/rankings/singles?dateWeek=2025-06-16&rankRange=0-5000,2026-03-22T00:41:33Z
atp,2025-06-16,J737,F. Juarez,Facundo Juarez,552,66,https://www.atptour.com/en/rankings/singles?dateWeek=2025-06-16&rankRange=0-5000,2026-03-22T00:41:33Z
atp,2025-06-16,M0TO,M. Malige,Mae Malige,553,66,https://www.atptour.com/en/rankings/singles?dateWeek=2025-06-16&rankRange=0-5000,2026-03-22T00:41:33Z
atp,2025-06-16,E811,E. Ejupovic,Elmar Ejupovic,554,66,https://www.atptour.com/en/rankings/singles?dateWeek=2025-06-16&rankRange=0-5000,2026-03-22T00:41:33Z
atp,2025-06-16,P0CY,S. Palosi,Stefan Palosi,555,66,https://www.atptour.com/en/rankings/singles?dateWeek=2025-06-16&rankRange=0-5000,2026-03-22T00:41:33Z
atp,2025-06-16,SM37,D. Schwartzman,Diego Schwartzman,556,65,https://www.atptour.com/en/rankings/singles?dateWeek=2025-06-16&rankRange=0-5000,2026-03-22T00:41:33Z
atp,2025-06-16,B0VX,P. Basile,Pierluigi Basile,557,65,https://www.atptour.com/en/rankings/singles?dateWeek=2025-06-16&rankRange=0-5000,2026-03-22T00:41:33Z
atp,2025-06-16,M0SE,M. Mrva,Maxim Mrva,558,65,https://www.atptour.com/en/rankings/singles?dateWeek=2025-06-16&rankRange=0-5000,2026-03-22T00:41:33Z
atp,2025-06-16,M0B2,Y. Mochizuki,Yuki Mochizuki,559,65,https://www.atptour.com/en/rankings/singles?dateWeek=2025-06-16&rankRange=0-5000,2026-03-22T00:41:33Z
atp,2025-06-16,K0DE,T. Kumasaka,Takuya Kumasaka,560,65,https://www.atptour.com/en/rankings/singles?dateWeek=2025-06-16&rankRange=0-5000,2026-03-22T00:41:33Z
atp,2025-06-16,S0H9,J. Story,James Story,561,65,https://www.atptour.com/en/rankings/singles?dateWeek=2025-06-16&rankRange=0-5000,2026-03-22T00:41:33Z
atp,2025-06-16,M0C2,D. Martin,Dan Martin,562,65,https://www.atptour.com/en/rankings/singles?dateWeek=2025-06-16&rankRange=0-5000,2026-03-22T00:41:33Z
atp,2025-06-16,D916,S. Diez,Steven Diez,563,64,https://www.atptour.com/en/rankings/singles?dateWeek=2025-06-16&rankRange=0-5000,2026-03-22T00:41:33Z
atp,2025-06-16,B0NO,D. Blanch,Darwin Blanch,564,64,https://www.atptour.com/en/rankings/singles?dateWeek=2025-06-16&rankRange=0-5000,2026-03-22T00:41:33Z
atp,2025-06-16,W0A4,A. Weber,Arthur Weber,565,64,https://www.atptour.com/en/rankings/singles?dateWeek=2025-06-16&rankRange=0-5000,2026-03-22T00:41:33Z
atp,2025-06-16,L0CX,P. Llamas Ruiz,Pablo Llamas Ruiz,566,63,https://www.atptour.com/en/rankings/singles?dateWeek=2025-06-16&rankRange=0-5000,2026-03-22T00:41:33Z
atp,2025-06-16,CH05,A. Celikbilek,Altug Celikbilek,567,63,https://www.atptour.com/en/rankings/singles?dateWeek=2025-06-16&rankRange=0-5000,2026-03-22T00:41:33Z
atp,2025-06-16,P0EV,A. Paulson,Andrew Paulson,568,63,https://www.atptour.com/en/rankings/singles?dateWeek=2025-06-16&rankRange=0-5000,2026-03-22T00:41:33Z
atp,2025-06-16,PF65,F. Peliwo,Filip Peliwo,569,63,https://www.atptour.com/en/rankings/singles?dateWeek=2025-06-16&rankRange=0-5000,2026-03-22T00:41:33Z
atp,2025-06-16,S0LD,K. Saitoh,Keisuke Saitoh,570,62,https://www.atptour.com/en/rankings/singles?dateWeek=2025-06-16&rankRange=0-5000,2026-03-22T00:41:33Z
atp,2025-06-16,S0IA,D. Sweeny,Dane Sweeny,571,62,https://www.atptour.com/en/rankings/singles?dateWeek=2025-06-16&rankRange=0-5000,2026-03-22T00:41:33Z
atp,2025-06-16,O0AI,D. Obradovic,Dusan Obradovic,572,62,https://www.atptour.com/en/rankings/singles?dateWeek=2025-06-16&rankRange=0-5000,2026-03-22T00:41:33Z
atp,2025-06-16,KI71,K. Kivattsev,Kirill Kivattsev,573,62,https://www.atptour.com/en/rankings/singles?dateWeek=2025-06-16&rankRange=0-5000,2026-03-22T00:41:33Z
atp,2025-06-16,E0DI,J. Estevez,Juan Estevez,574,62,https://www.atptour.com/en/rankings/singles?dateWeek=2025-06-16&rankRange=0-5000,2026-03-22T00:41:33Z
atp,2025-06-16,M0RX,K. Miyoshi,Kenta Miyoshi,575,61,https://www.atptour.com/en/rankings/singles?dateWeek=2025-06-16&rankRange=0-5000,2026-03-22T00:41:33Z
atp,2025-06-16,E0AA,Y. Erel,Yanki Erel,576,61,https://www.atptour.com/en/rankings/singles?dateWeek=2025-06-16&rankRange=0-5000,2026-03-22T00:41:33Z
atp,2025-06-16,B0IY,A. Beckley,Alec Beckley,577,61,https://www.atptour.com/en/rankings/singles?dateWeek=2025-06-16&rankRange=0-5000,2026-03-22T00:41:33Z
atp,2025-06-16,A09P,A. Ayeni,Alafia Ayeni,578,61,https://www.atptour.com/en/rankings/singles?dateWeek=2025-06-16&rankRange=0-5000,2026-03-22T00:41:33Z
atp,2025-06-16,S0E6,S. Slump,Stijn Slump,579,61,https://www.atptour.com/en/rankings/singles?dateWeek=2025-06-16&rankRange=0-5000,2026-03-22T00:41:33Z
atp,2025-06-16,K0HN,B. Kuzuhara,Bruno Kuzuhara,580,61,https://www.atptour.com/en/rankings/singles?dateWeek=2025-06-16&rankRange=0-5000,2026-03-22T00:41:33Z
atp,2025-06-16,O639,G. Oradini,Giovanni Oradini,581,61,https://www.atptour.com/en/rankings/singles?dateWeek=2025-06-16&rankRange=0-5000,2026-03-22T00:41:33Z
atp,2025-06-16,N0BK,H. Naw,Hazem Naw,582,60,https://www.atptour.com/en/rankings/singles?dateWeek=2025-06-16&rankRange=0-5000,2026-03-22T00:41:33Z
atp,2025-06-16,R0HK,F. Romano,Filippo Romano,583,60,https://www.atptour.com/en/rankings/singles?dateWeek=2025-06-16&rankRange=0-5000,2026-03-22T00:41:33Z
atp,2025-06-16,S0C2,H. Shiraishi,Hikaru Shiraishi,584,60,https://www.atptour.com/en/rankings/singles?dateWeek=2025-06-16&rankRange=0-5000,2026-03-22T00:41:33Z
atp,2025-06-16,BM05,B. Bobrov,Bogdan Bobrov,585,60,https://www.atptour.com/en/rankings/singles?dateWeek=2025-06-16&rankRange=0-5000,2026-03-22T00:41:33Z
atp,2025-06-16,P0G5,S. Popovic,Stefan Popovic,586,60,https://www.atptour.com/en/rankings/singles?dateWeek=2025-06-16&rankRange=0-5000,2026-03-22T00:41:33Z
atp,2025-06-16,D985,J. Domingues,Joao Domingues,587,59,https://www.atptour.com/en/rankings/singles?dateWeek=2025-06-16&rankRange=0-5000,2026-03-22T00:41:33Z
atp,2025-06-16,F0BT,J. Forejtek,Jonas Forejtek,588,59,https://www.atptour.com/en/rankings/singles?dateWeek=2025-06-16&rankRange=0-5000,2026-03-22T00:41:33Z
atp,2025-06-16,PC09,J. Pereira,Jose Pereira,589,59,https://www.atptour.com/en/rankings/singles?dateWeek=2025-06-16&rankRange=0-5000,2026-03-22T00:41:33Z
atp,2025-06-16,P0B2,L. Potenza,Luca Potenza,590,59,https://www.atptour.com/en/rankings/singles?dateWeek=2025-06-16&rankRange=0-5000,2026-03-22T00:41:33Z
atp,2025-06-16,L0AF,E. Lumsden,Ewen Lumsden,591,59,https://www.atptour.com/en/rankings/singles?dateWeek=2025-06-16&rankRange=0-5000,2026-03-22T00:41:33Z
atp,2025-06-16,Z09K,E. Zhu,Evan Zhu,592,59,https://www.atptour.com/en/rankings/singles?dateWeek=2025-06-16&rankRange=0-5000,2026-03-22T00:41:33Z
atp,2025-06-16,H0A4,N. Hardt,Nick Hardt,593,58,https://www.atptour.com/en/rankings/singles?dateWeek=2025-06-16&rankRange=0-5000,2026-03-22T00:41:33Z
atp,2025-06-16,TD55,R. Tokuda,Renta Tokuda,594,58,https://www.atptour.com/en/rankings/singles?dateWeek=2025-06-16&rankRange=0-5000,2026-03-22T00:41:33Z
atp,2025-06-16,BI23,L. Broady,Liam Broady,595,58,https://www.atptour.com/en/rankings/singles?dateWeek=2025-06-16&rankRange=0-5000,2026-03-22T00:41:33Z
atp,2025-06-16,Z0C3,M. Zhukov,Maxim Zhukov,596,58,https://www.atptour.com/en/rankings/singles?dateWeek=2025-06-16&rankRange=0-5000,2026-03-22T00:41:33Z
atp,2025-06-16,H0EH,T. Handel,Tim Handel,597,58,https://www.atptour.com/en/rankings/singles?dateWeek=2025-06-16&rankRange=0-5000,2026-03-22T00:41:33Z
atp,2025-06-16,B0JE,M. Basing,Max Basing,598,57,https://www.atptour.com/en/rankings/singles?dateWeek=2025-06-16&rankRange=0-5000,2026-03-22T00:41:33Z
atp,2025-06-16,C0KH,J. Cesar Porras,Julio Cesar Porras,599,57,https://www.atptour.com/en/rankings/singles?dateWeek=2025-06-16&rankRange=0-5000,2026-03-22T00:41:33Z
atp,2025-06-16,W0C4,E. Winter,Edward Winter,600,57,https://www.atptour.com/en/rankings/singles?dateWeek=2025-06-16&rankRange=0-5000,2026-03-22T00:41:33Z
atp,2025-06-16,C0HV,L. Castagnola,Luca Castagnola,601,57,https://www.atptour.com/en/rankings/singles?dateWeek=2025-06-16&rankRange=0-5000,2026-03-22T00:41:33Z
atp,2025-06-16,A0J5,S. Andreescu,Stefan Adrian Andreescu,602,57,https://www.atptour.com/en/rankings/singles?dateWeek=2025-06-16&rankRange=0-5000,2026-03-22T00:41:33Z
atp,2025-06-16,E0AU,J. Echeverria,John Echeverria,603,56,https://www.atptour.com/en/rankings/singles?dateWeek=2025-06-16&rankRange=0-5000,2026-03-22T00:41:33Z
atp,2025-06-16,F0CJ,G. Ferrari,Gianmarco Ferrari,604,55,https://www.atptour.com/en/rankings/singles?dateWeek=2025-06-16&rankRange=0-5000,2026-03-22T00:41:33Z
atp,2025-06-16,R0H6,L. Rossi,Leonardo Rossi,605,55,https://www.atptour.com/en/rankings/singles?dateWeek=2025-06-16&rankRange=0-5000,2026-03-22T00:41:33Z
atp,2025-06-16,Z0BL,F. Zakaria,Fares Zakaria,606,55,https://www.atptour.com/en/rankings/singles?dateWeek=2025-06-16&rankRange=0-5000,2026-03-22T00:41:33Z
atp,2025-06-16,T0EI,A. Thanos,Aristotelis Thanos,607,54,https://www.atptour.com/en/rankings/singles?dateWeek=2025-06-16&rankRange=0-5000,2026-03-22T00:41:33Z
atp,2025-06-16,A0JA,M. Agwi,Michael Agwi,608,54,https://www.atptour.com/en/rankings/singles?dateWeek=2025-06-16&rankRange=0-5000,2026-03-22T00:41:33Z
atp,2025-06-16,PG69,J. Paz,Juan Pablo Paz,609,54,https://www.atptour.com/en/rankings/singles?dateWeek=2025-06-16&rankRange=0-5000,2026-03-22T00:41:33Z
atp,2025-06-16,L0I5,M. Leong,Mitsuki Wei Kang Leong,610,54,https://www.atptour.com/en/rankings/singles?dateWeek=2025-06-16&rankRange=0-5000,2026-03-22T00:41:33Z
atp,2025-06-16,G0G2,M. Gonzalez Fernandez,Mario Gonzalez Fernandez,611,54,https://www.atptour.com/en/rankings/singles?dateWeek=2025-06-16&rankRange=0-5000,2026-03-22T00:41:33Z
atp,2025-06-16,KJ00,A. Knaff,Alex Knaff,612,54,https://www.atptour.com/en/rankings/singles?dateWeek=2025-06-16&rankRange=0-5000,2026-03-22T00:41:33Z
atp,2025-06-16,B0D8,J. Brumm,Jacob Brumm,613,54,https://www.atptour.com/en/rankings/singles?dateWeek=2025-06-16&rankRange=0-5000,2026-03-22T00:41:33Z
atp,2025-06-16,O09A,A. Ouakaa,Aziz Ouakaa,614,54,https://www.atptour.com/en/rankings/singles?dateWeek=2025-06-16&rankRange=0-5000,2026-03-22T00:41:33Z
atp,2025-06-16,K0EE,O. Kumar,Omni Kumar,615,53,https://www.atptour.com/en/rankings/singles?dateWeek=2025-06-16&rankRange=0-5000,2026-03-22T00:41:33Z
atp,2025-06-16,G0IW,A. Ghibaudo,Antoine Ghibaudo,616,53,https://www.atptour.com/en/rankings/singles?dateWeek=2025-06-16&rankRange=0-5000,2026-03-22T00:41:33Z
atp,2025-06-16,WB25,L. Wessels,Louis Wessels,617,53,https://www.atptour.com/en/rankings/singles?dateWeek=2025-06-16&rankRange=0-5000,2026-03-22T00:41:33Z
atp,2025-06-16,J0CL,D. Javia,Dev Javia,618,53,https://www.atptour.com/en/rankings/singles?dateWeek=2025-06-16&rankRange=0-5000,2026-03-22T00:41:33Z
atp,2025-06-16,M0EG,T. McCormick,Tristan Mccormick,619,53,https://www.atptour.com/en/rankings/singles?dateWeek=2025-06-16&rankRange=0-5000,2026-03-22T00:41:33Z
atp,2025-06-16,M0RG,D. Milavsky,Daniel Milavsky,620,52,https://www.atptour.com/en/rankings/singles?dateWeek=2025-06-16&rankRange=0-5000,2026-03-22T00:41:33Z
atp,2025-06-16,E873,E. Escobedo,Ernesto Escobedo,621,52,https://www.atptour.com/en/rankings/singles?dateWeek=2025-06-16&rankRange=0-5000,2026-03-22T00:41:33Z
atp,2025-06-16,W09B,D. Wenger,Damien Wenger,622,52,https://www.atptour.com/en/rankings/singles?dateWeek=2025-06-16&rankRange=0-5000,2026-03-22T00:41:33Z
atp,2025-06-16,D09L,L. Dussin,Louis Dussin,623,52,https://www.atptour.com/en/rankings/singles?dateWeek=2025-06-16&rankRange=0-5000,2026-03-22T00:41:33Z
atp,2025-06-16,V0D0,N. Visker,Niels Visker,624,52,https://www.atptour.com/en/rankings/singles?dateWeek=2025-06-16&rankRange=0-5000,2026-03-22T00:41:33Z
atp,2025-06-16,D750,K. De Schepper,Kenny De Schepper,625,52,https://www.atptour.com/en/rankings/singles?dateWeek=2025-06-16&rankRange=0-5000,2026-03-22T00:41:33Z
atp,2025-06-16,CO01,A. Chepelev,Andrey Chepelev,626,52,https://www.atptour.com/en/rankings/singles?dateWeek=2025-06-16&rankRange=0-5000,2026-03-22T00:41:33Z
atp,2025-06-16,RB56,R. Ramanathan,Ramkumar Ramanathan,627,51,https://www.atptour.com/en/rankings/singles?dateWeek=2025-06-16&rankRange=0-5000,2026-03-22T00:41:33Z
atp,2025-06-16,B0I6,S. Banerjee,Samir Banerjee,628,51,https://www.atptour.com/en/rankings/singles?dateWeek=2025-06-16&rankRange=0-5000,2026-03-22T00:41:33Z
atp,2025-06-16,P0FJ,R. Papoe,Radu Mihai Papoe,629,51,https://www.atptour.com/en/rankings/singles?dateWeek=2025-06-16&rankRange=0-5000,2026-03-22T00:41:33Z
atp,2025-06-16,C0JX,S. Cuenin,Sean Cuenin,630,51,https://www.atptour.com/en/rankings/singles?dateWeek=2025-06-16&rankRange=0-5000,2026-03-22T00:41:33Z
atp,2025-06-16,S0VO,P. Sornlaksup,Pawit Sornlaksup,631,51,https://www.atptour.com/en/rankings/singles?dateWeek=2025-06-16&rankRange=0-5000,2026-03-22T00:41:33Z
atp,2025-06-16,KG27,S. Kirchheimer,Strong Kirchheimer,632,51,https://www.atptour.com/en/rankings/singles?dateWeek=2025-06-16&rankRange=0-5000,2026-03-22T00:41:33Z
atp,2025-06-16,KE17,N. Kyrgios,Nick Kyrgios,633,50,https://www.atptour.com/en/rankings/singles?dateWeek=2025-06-16&rankRange=0-5000,2026-03-22T00:41:33Z
atp,2025-06-16,R975,M. Raonic,Milos Raonic,634,50,https://www.atptour.com/en/rankings/singles?dateWeek=2025-06-16&rankRange=0-5000,2026-03-22T00:41:33Z
atp,2025-06-16,CF60,P. Juszczak,Pawel Juszczak,635,50,https://www.atptour.com/en/rankings/singles?dateWeek=2025-06-16&rankRange=0-5000,2026-03-22T00:41:33Z
atp,2025-06-16,SK47,M. Safwat,Mohamed Safwat,636,50,https://www.atptour.com/en/rankings/singles?dateWeek=2025-06-16&rankRange=0-5000,2026-03-22T00:41:33Z
atp,2025-06-16,T0IA,R. Taguchi,Ryotaro Taguchi,637,50,https://www.atptour.com/en/rankings/singles?dateWeek=2025-06-16&rankRange=0-5000,2026-03-22T00:41:33Z
atp,2025-06-16,H0EK,E. Hudd,Emile Hudd,638,50,https://www.atptour.com/en/rankings/singles?dateWeek=2025-06-16&rankRange=0-5000,2026-03-22T00:41:33Z
atp,2025-06-16,J732,B. Jones,Ben Jones,639,50,https://www.atptour.com/en/rankings/singles?dateWeek=2025-06-16&rankRange=0-5000,2026-03-22T00:41:33Z
atp,2025-06-16,P0E9,D. Palan,Dominik Palan,640,50,https://www.atptour.com/en/rankings/singles?dateWeek=2025-06-16&rankRange=0-5000,2026-03-22T00:41:33Z
atp,2025-06-16,O656,A. Oetzbach,Adrian Oetzbach,641,50,https://www.atptour.com/en/rankings/singles?dateWeek=2025-06-16&rankRange=0-5000,2026-03-22T00:41:33Z
atp,2025-06-16,O659,V. Orlov,Vladyslav Orlov,642,50,https://www.atptour.com/en/rankings/singles?dateWeek=2025-06-16&rankRange=0-5000,2026-03-22T00:41:33Z
atp,2025-06-16,K0HZ,A. Kim,Aidan Kim,643,49,https://www.atptour.com/en/rankings/singles?dateWeek=2025-06-16&rankRange=0-5000,2026-03-22T00:41:33Z
atp,2025-06-16,C0JT,R. Catry,Robin Catry,644,49,https://www.atptour.com/en/rankings/singles?dateWeek=2025-06-16&rankRange=0-5000,2026-03-22T00:41:33Z
atp,2025-06-16,N830,J. Nikles,Johan Nikles,645,49,https://www.atptour.com/en/rankings/singles?dateWeek=2025-06-16&rankRange=0-5000,2026-03-22T00:41:33Z
atp,2025-06-16,B0A0,M. Beauge,Maxence Beauge,646,49,https://www.atptour.com/en/rankings/singles?dateWeek=2025-06-16&rankRange=0-5000,2026-03-22T00:41:33Z
atp,2025-06-16,T0GR,O. Tarvet,Oliver Tarvet,647,48,https://www.atptour.com/en/rankings/singles?dateWeek=2025-06-16&rankRange=0-5000,2026-03-22T00:41:33Z
atp,2025-06-16,R0KD,M. Rottgering,Mees Rottgering,648,48,https://www.atptour.com/en/rankings/singles?dateWeek=2025-06-16&rankRange=0-5000,2026-03-22T00:41:33Z
atp,2025-06-16,BK19,M. Bourgue,Mathias Bourgue,649,48,https://www.atptour.com/en/rankings/singles?dateWeek=2025-06-16&rankRange=0-5000,2026-03-22T00:41:33Z
atp,2025-06-16,M0BW,Y. Mo,Ye Cong Mo,650,48,https://www.atptour.com/en/rankings/singles?dateWeek=2025-06-16&rankRange=0-5000,2026-03-22T00:41:33Z
atp,2025-06-16,LF26,O. Luz,Orlando Luz,651,47,https://www.atptour.com/en/rankings/singles?dateWeek=2025-06-16&rankRange=0-5000,2026-03-22T00:41:33Z
atp,2025-06-16,X01A,L. Xiao,Linang Xiao,652,47,https://www.atptour.com/en/rankings/singles?dateWeek=2025-06-16&rankRange=0-5000,2026-03-22T00:41:33Z
atp,2025-06-16,I0A6,T. Ichikawa,Taisei Ichikawa,653,47,https://www.atptour.com/en/rankings/singles?dateWeek=2025-06-16&rankRange=0-5000,2026-03-22T00:41:33Z
atp,2025-06-16,M0SC,H. Matsuoka,Hayato Matsuoka,654,47,https://www.atptour.com/en/rankings/singles?dateWeek=2025-06-16&rankRange=0-5000,2026-03-22T00:41:33Z
atp,2025-06-16,C0DS,T. Chanta,Thanapet Chanta,655,47,https://www.atptour.com/en/rankings/singles?dateWeek=2025-06-16&rankRange=0-5000,2026-03-22T00:41:33Z
atp,2025-06-16,BU32,L. Bouquet,Lucas Bouquet,656,47,https://www.atptour.com/en/rankings/singles?dateWeek=2025-06-16&rankRange=0-5000,2026-03-22T00:41:33Z
atp,2025-06-16,G0EQ,S. Gima,Sebastian Gima,657,47,https://www.atptour.com/en/rankings/singles?dateWeek=2025-06-16&rankRange=0-5000,2026-03-22T00:41:33Z
atp,2025-06-16,VA15,D. Vale,Duarte Vale,658,46,https://www.atptour.com/en/rankings/singles?dateWeek=2025-06-16&rankRange=0-5000,2026-03-22T00:41:33Z
atp,2025-06-16,N652,J. Nam,Jisung Nam,659,46,https://www.atptour.com/en/rankings/singles?dateWeek=2025-06-16&rankRange=0-5000,2026-03-22T00:41:33Z
atp,2025-06-16,Z0D1,T. Zhang,Tianhui Zhang,660,46,https://www.atptour.com/en/rankings/singles?dateWeek=2025-06-16&rankRange=0-5000,2026-03-22T00:41:33Z
atp,2025-06-16,G0EU,F. Gill,Felix Gill,661,46,https://www.atptour.com/en/rankings/singles?dateWeek=2025-06-16&rankRange=0-5000,2026-03-22T00:41:33Z
atp,2025-06-16,P0ED,K. Pannu,Kiranpal Pannu,662,46,https://www.atptour.com/en/rankings/singles?dateWeek=2025-06-16&rankRange=0-5000,2026-03-22T00:41:33Z
atp,2025-06-16,CH80,L. Castelnuovo,Luca Castelnuovo,663,46,https://www.atptour.com/en/rankings/singles?dateWeek=2025-06-16&rankRange=0-5000,2026-03-22T00:41:33Z
atp,2025-06-16,L0ID,J. Loge,Jack Loge,664,46,https://www.atptour.com/en/rankings/singles?dateWeek=2025-06-16&rankRange=0-5000,2026-03-22T00:41:33Z
atp,2025-06-16,DH46,A. Donski,Alexander Donski,665,45,https://www.atptour.com/en/rankings/singles?dateWeek=2025-06-16&rankRange=0-5000,2026-03-22T00:41:33Z
atp,2025-06-16,P0K5,T. Papamalamis,Theo Papamalamis,666,45,https://www.atptour.com/en/rankings/singles?dateWeek=2025-06-16&rankRange=0-5000,2026-03-22T00:41:33Z
atp,2025-06-16,N679,S. Napolitano,Stefano Napolitano,667,45,https://www.atptour.com/en/rankings/singles?dateWeek=2025-06-16&rankRange=0-5000,2026-03-22T00:41:33Z
atp,2025-06-16,HH15,M. Haliak,Mikalai Haliak,668,45,https://www.atptour.com/en/rankings/singles?dateWeek=2025-06-16&rankRange=0-5000,2026-03-22T00:41:33Z
atp,2025-06-16,G0MI,A. Ganesan,Adhithya Ganesan,669,45,https://www.atptour.com/en/rankings/singles?dateWeek=2025-06-16&rankRange=0-5000,2026-03-22T00:41:33Z
atp,2025-06-16,G0CV,B. Gadamauri,Buvaysar Gadamauri,670,45,https://www.atptour.com/en/rankings/singles?dateWeek=2025-06-16&rankRange=0-5000,2026-03-22T00:41:33Z
atp,2025-06-16,B0BK,A. Braynin,Aleksandr Braynin,671,45,https://www.atptour.com/en/rankings/singles?dateWeek=2025-06-16&rankRange=0-5000,2026-03-22T00:41:33Z
atp,2025-06-16,E0BO,N. Ehrenschneider,Nino Ehrenschneider,672,45,https://www.atptour.com/en/rankings/singles?dateWeek=2025-06-16&rankRange=0-5000,2026-03-22T00:41:33Z
atp,2025-06-16,O09T,K. Ogura,Kosuke Ogura,673,45,https://www.atptour.com/en/rankings/singles?dateWeek=2025-06-16&rankRange=0-5000,2026-03-22T00:41:33Z
atp,2025-06-16,PI96,S. Perez Contri,Sergi Perez Contri,674,45,https://www.atptour.com/en/rankings/singles?dateWeek=2025-06-16&rankRange=0-5000,2026-03-22T00:41:33Z
atp,2025-06-16,J0DZ,R. Jodar,Rafael Jodar,675,44,https://www.atptour.com/en/rankings/singles?dateWeek=2025-06-16&rankRange=0-5000,2026-03-22T00:41:33Z
atp,2025-06-16,P0MG,R. Perot,Raphael Perot,676,44,https://www.atptour.com/en/rankings/singles?dateWeek=2025-06-16&rankRange=0-5000,2026-03-22T00:41:33Z
atp,2025-06-16,M0EN,M. Mazza,Manuel Mazza,677,44,https://www.atptour.com/en/rankings/singles?dateWeek=2025-06-16&rankRange=0-5000,2026-03-22T00:41:33Z
atp,2025-06-16,BE67,M. Basic,Mirza Basic,678,44,https://www.atptour.com/en/rankings/singles?dateWeek=2025-06-16&rankRange=0-5000,2026-03-22T00:41:33Z
atp,2025-06-16,BT68,E. Benchetrit,Elliot Benchetrit,679,44,https://www.atptour.com/en/rankings/singles?dateWeek=2025-06-16&rankRange=0-5000,2026-03-22T00:41:33Z
atp,2025-06-16,KG49,D. Klok,Denis Klok,680,44,https://www.atptour.com/en/rankings/singles?dateWeek=2025-06-16&rankRange=0-5000,2026-03-22T00:41:33Z
atp,2025-06-16,M0TE,P. Marinkov,Pavle Marinkov,681,44,https://www.atptour.com/en/rankings/singles?dateWeek=2025-06-16&rankRange=0-5000,2026-03-22T00:41:33Z
atp,2025-06-16,K0L1,M. Krajci,Michal Krajci,682,44,https://www.atptour.com/en/rankings/singles?dateWeek=2025-06-16&rankRange=0-5000,2026-03-22T00:41:33Z
atp,2025-06-16,S0LR,J. Sperle,John Sperle,683,44,https://www.atptour.com/en/rankings/singles?dateWeek=2025-06-16&rankRange=0-5000,2026-03-22T00:41:33Z
atp,2025-06-16,S0JB,N. Schachter,Noah Schachter,684,44,https://www.atptour.com/en/rankings/singles?dateWeek=2025-06-16&rankRange=0-5000,2026-03-22T00:41:33Z
atp,2025-06-16,R0F1,J. Rodriguez,Johan Alexander Rodriguez,685,43,https://www.atptour.com/en/rankings/singles?dateWeek=2025-06-16&rankRange=0-5000,2026-03-22T00:41:33Z
atp,2025-06-16,SQ79,C. Sinclair,Colin Sinclair,686,43,https://www.atptour.com/en/rankings/singles?dateWeek=2025-06-16&rankRange=0-5000,2026-03-22T00:41:33Z
atp,2025-06-16,S0T1,J. Schiessl,Joao Eduardo Schiessl,687,43,https://www.atptour.com/en/rankings/singles?dateWeek=2025-06-16&rankRange=0-5000,2026-03-22T00:41:33Z
atp,2025-06-16,S0QZ,S. Sorger,Sebastian Sorger,688,42,https://www.atptour.com/en/rankings/singles?dateWeek=2025-06-16&rankRange=0-5000,2026-03-22T00:41:33Z
atp,2025-06-16,R0F6,F. Rocha,Francisco Rocha,689,42,https://www.atptour.com/en/rankings/singles?dateWeek=2025-06-16&rankRange=0-5000,2026-03-22T00:41:33Z
atp,2025-06-16,R0B6,L. Rottoli,Lorenzo Rottoli,690,42,https://www.atptour.com/en/rankings/singles?dateWeek=2025-06-16&rankRange=0-5000,2026-03-22T00:41:33Z
atp,2025-06-16,MV75,I. Monzon,Ignacio Monzon,691,42,https://www.atptour.com/en/rankings/singles?dateWeek=2025-06-16&rankRange=0-5000,2026-03-22T00:41:33Z
atp,2025-06-16,G0DD,W. Grant,William Grant,692,42,https://www.atptour.com/en/rankings/singles?dateWeek=2025-06-16&rankRange=0-5000,2026-03-22T00:41:33Z
atp,2025-06-16,M0L2,A. Manzanera Pertusa,Alejandro Manzanera Pertusa,693,42,https://www.atptour.com/en/rankings/singles?dateWeek=2025-06-16&rankRange=0-5000,2026-03-22T00:41:33Z
atp,2025-06-16,H0EZ,S. Hamza Reguig,Samir Hamza Reguig,694,42,https://www.atptour.com/en/rankings/singles?dateWeek=2025-06-16&rankRange=0-5000,2026-03-22T00:41:33Z
atp,2025-06-16,D0LY,E. Demanet,Emilien Demanet,695,42,https://www.atptour.com/en/rankings/singles?dateWeek=2025-06-16&rankRange=0-5000,2026-03-22T00:41:33Z
atp,2025-06-16,KB09,D. Kudla,Denis Kudla,696,41,https://www.atptour.com/en/rankings/singles?dateWeek=2025-06-16&rankRange=0-5000,2026-03-22T00:41:33Z
atp,2025-06-16,M0GP,F. Moroni,Filippo Moroni,697,41,https://www.atptour.com/en/rankings/singles?dateWeek=2025-06-16&rankRange=0-5000,2026-03-22T00:41:33Z
atp,2025-06-16,D0IO,T. Duran,Tuncay Duran,698,41,https://www.atptour.com/en/rankings/singles?dateWeek=2025-06-16&rankRange=0-5000,2026-03-22T00:41:33Z
atp,2025-06-16,S0R5,I. Snitari,Ilya Snitari,699,41,https://www.atptour.com/en/rankings/singles?dateWeek=2025-06-16&rankRange=0-5000,2026-03-22T00:41:33Z
atp,2025-06-16,L0AT,I. Lopez Morillo,Imanol Lopez Morillo,700,41,https://www.atptour.com/en/rankings/singles?dateWeek=2025-06-16&rankRange=0-5000,2026-03-22T00:41:33Z
atp,2025-06-16,AG57,L. Aboian,Leonardo Aboian,701,41,https://www.atptour.com/en/rankings/singles?dateWeek=2025-06-16&rankRange=0-5000,2026-03-22T00:41:33Z
atp,2025-06-16,M09M,I. Marrero Curbelo,Ivan Marrero Curbelo,702,41,https://www.atptour.com/en/rankings/singles?dateWeek=2025-06-16&rankRange=0-5000,2026-03-22T00:41:33Z
atp,2025-06-16,R0JH,P. Rodrigues,Pedro Rodrigues,703,40,https://www.atptour.com/en/rankings/singles?dateWeek=2025-06-16&rankRange=0-5000,2026-03-22T00:41:33Z
atp,2025-06-16,K0HL,K. Kang,Kyle Kang,704,40,https://www.atptour.com/en/rankings/singles?dateWeek=2025-06-16&rankRange=0-5000,2026-03-22T00:41:33Z
atp,2025-06-16,H0B7,T. Hilderbrand,Trey Hilderbrand,705,40,https://www.atptour.com/en/rankings/singles?dateWeek=2025-06-16&rankRange=0-5000,2026-03-22T00:41:33Z
atp,2025-06-16,P0AV,U. Park,Uisung Park,706,40,https://www.atptour.com/en/rankings/singles?dateWeek=2025-06-16&rankRange=0-5000,2026-03-22T00:41:33Z
atp,2025-06-16,D0K3,G. Dalmasso,Guillaume Dalmasso,707,40,https://www.atptour.com/en/rankings/singles?dateWeek=2025-06-16&rankRange=0-5000,2026-03-22T00:41:33Z
atp,2025-06-16,B0HF,D. Barreto Sanchez,Diego Augusto Barreto Sanchez,708,40,https://www.atptour.com/en/rankings/singles?dateWeek=2025-06-16&rankRange=0-5000,2026-03-22T00:41:33Z
atp,2025-06-16,B0IZ,D. Badenhorst,Devin Badenhorst,709,39,https://www.atptour.com/en/rankings/singles?dateWeek=2025-06-16&rankRange=0-5000,2026-03-22T00:41:33Z
atp,2025-06-16,A0K3,N. Arseneault,Nicolas Arseneault,710,39,https://www.atptour.com/en/rankings/singles?dateWeek=2025-06-16&rankRange=0-5000,2026-03-22T00:41:33Z
atp,2025-06-16,L0DM,A. Lingua Lavallen,Alejo Lorenzo Lingua Lavallen,711,39,https://www.atptour.com/en/rankings/singles?dateWeek=2025-06-16&rankRange=0-5000,2026-03-22T00:41:33Z
atp,2025-06-16,W0BD,D. Wassermann,Deney Wassermann,712,39,https://www.atptour.com/en/rankings/singles?dateWeek=2025-06-16&rankRange=0-5000,2026-03-22T00:41:33Z
atp,2025-06-16,A09Q,M. Alkaya,Mert Alkaya,713,39,https://www.atptour.com/en/rankings/singles?dateWeek=2025-06-16&rankRange=0-5000,2026-03-22T00:41:33Z
atp,2025-06-16,DH23,S. Dev,S D Prajwal Dev,714,39,https://www.atptour.com/en/rankings/singles?dateWeek=2025-06-16&rankRange=0-5000,2026-03-22T00:41:33Z
atp,2025-06-16,D0I6,Y. Demin,Yaroslav Demin,715,39,https://www.atptour.com/en/rankings/singles?dateWeek=2025-06-16&rankRange=0-5000,2026-03-22T00:41:33Z
atp,2025-06-16,LA54,W. Leite,Wilson Leite,716,39,https://www.atptour.com/en/rankings/singles?dateWeek=2025-06-16&rankRange=0-5000,2026-03-22T00:41:33Z
atp,2025-06-16,TB70,W. Trongcharoenchaikul,Wishaya Trongcharoenchaikul,717,39,https://www.atptour.com/en/rankings/singles?dateWeek=2025-06-16&rankRange=0-5000,2026-03-22T00:41:33Z
atp,2025-06-16,G0D9,I. Gimenez,Igor Gimenez,718,38,https://www.atptour.com/en/rankings/singles?dateWeek=2025-06-16&rankRange=0-5000,2026-03-22T00:41:33Z
atp,2025-06-16,N0BE,A. Neff,Adam Neff,719,37,https://www.atptour.com/en/rankings/singles?dateWeek=2025-06-16&rankRange=0-5000,2026-03-22T00:41:33Z
atp,2025-06-16,B0OT,J. Bradshaw,Jacob Bradshaw,720,37,https://www.atptour.com/en/rankings/singles?dateWeek=2025-06-16&rankRange=0-5000,2026-03-22T00:41:33Z
atp,2025-06-16,LH70,K. Lee,Kuan Yi Lee,721,37,https://www.atptour.com/en/rankings/singles?dateWeek=2025-06-16&rankRange=0-5000,2026-03-22T00:41:33Z
atp,2025-06-16,W0ED,J. Watt,James Watt,722,37,https://www.atptour.com/en/rankings/singles?dateWeek=2025-06-16&rankRange=0-5000,2026-03-22T00:41:33Z
atp,2025-06-16,G0I3,M. Giunta,Massimo Giunta,723,37,https://www.atptour.com/en/rankings/singles?dateWeek=2025-06-16&rankRange=0-5000,2026-03-22T00:41:33Z
atp,2025-06-16,S0IV,P. Saraiva Dos Santos,Paulo Andre Saraiva Dos Santos,724,37,https://www.atptour.com/en/rankings/singles?dateWeek=2025-06-16&rankRange=0-5000,2026-03-22T00:41:33Z
atp,2025-06-16,D0JI,M. Dhamne,Manas Dhamne,725,37,https://www.atptour.com/en/rankings/singles?dateWeek=2025-06-16&rankRange=0-5000,2026-03-22T00:41:33Z
atp,2025-06-16,SX77,I. Strode,Isaiah Strode,726,36,https://www.atptour.com/en/rankings/singles?dateWeek=2025-06-16&rankRange=0-5000,2026-03-22T00:41:33Z
atp,2025-06-16,V0DG,Q. Vandecasteele,Quinn Vandecasteele,727,36,https://www.atptour.com/en/rankings/singles?dateWeek=2025-06-16&rankRange=0-5000,2026-03-22T00:41:33Z
atp,2025-06-16,V0G6,L. Vithoontien,Leo Vithoontien,728,36,https://www.atptour.com/en/rankings/singles?dateWeek=2025-06-16&rankRange=0-5000,2026-03-22T00:41:33Z
atp,2025-06-16,BI47,R. Bonadio,Riccardo Bonadio,729,35,https://www.atptour.com/en/rankings/singles?dateWeek=2025-06-16&rankRange=0-5000,2026-03-22T00:41:33Z
atp,2025-06-16,L0ER,T. Legout,Timo Legout,730,35,https://www.atptour.com/en/rankings/singles?dateWeek=2025-06-16&rankRange=0-5000,2026-03-22T00:41:33Z
atp,2025-06-16,SQ80,A. Santillan,Akira Santillan,731,35,https://www.atptour.com/en/rankings/singles?dateWeek=2025-06-16&rankRange=0-5000,2026-03-22T00:41:33Z
atp,2025-06-16,A0DV,A. Azkara,Arda Azkara,732,35,https://www.atptour.com/en/rankings/singles?dateWeek=2025-06-16&rankRange=0-5000,2026-03-22T00:41:33Z
atp,2025-06-16,P0B6,S. Polukhin,Savva Polukhin,733,35,https://www.atptour.com/en/rankings/singles?dateWeek=2025-06-16&rankRange=0-5000,2026-03-22T00:41:33Z
atp,2025-06-16,MO76,G. Madarasz,Gergely Madarasz,734,35,https://www.atptour.com/en/rankings/singles?dateWeek=2025-06-16&rankRange=0-5000,2026-03-22T00:41:33Z
atp,2025-06-16,S0VM,T. Svajda,Trevor Svajda,735,34,https://www.atptour.com/en/rankings/singles?dateWeek=2025-06-16&rankRange=0-5000,2026-03-22T00:41:33Z
atp,2025-06-16,B0A1,M. Borisiouk,Martin Borisiouk,736,34,https://www.atptour.com/en/rankings/singles?dateWeek=2025-06-16&rankRange=0-5000,2026-03-22T00:41:33Z
atp,2025-06-16,CF10,N. Chappell,Nick Chappell,737,34,https://www.atptour.com/en/rankings/singles?dateWeek=2025-06-16&rankRange=0-5000,2026-03-22T00:41:33Z
atp,2025-06-16,B0E4,M. Barreiros Reyes,Mateo Barreiros Reyes,738,34,https://www.atptour.com/en/rankings/singles?dateWeek=2025-06-16&rankRange=0-5000,2026-03-22T00:41:33Z
atp,2025-06-16,T0G2,M. Tammaro,Mariano Tammaro,739,34,https://www.atptour.com/en/rankings/singles?dateWeek=2025-06-16&rankRange=0-5000,2026-03-22T00:41:33Z
atp,2025-06-16,S0RF,M. Serafini,Marcello Serafini,740,34,https://www.atptour.com/en/rankings/singles?dateWeek=2025-06-16&rankRange=0-5000,2026-03-22T00:41:33Z
atp,2025-06-16,C0C1,N. Catini,Niccolo Catini,741,34,https://www.atptour.com/en/rankings/singles?dateWeek=2025-06-16&rankRange=0-5000,2026-03-22T00:41:33Z
atp,2025-06-16,Y0BF,G. Young,Gavin Young,742,33,https://www.atptour.com/en/rankings/singles?dateWeek=2025-06-16&rankRange=0-5000,2026-03-22T00:41:33Z
atp,2025-06-16,P0FV,F. Planinsek,Filip Jeff Planinsek,743,33,https://www.atptour.com/en/rankings/singles?dateWeek=2025-06-16&rankRange=0-5000,2026-03-22T00:41:33Z
atp,2025-06-16,V0BC,C. Vandermeersch,Cyril Vandermeersch,744,33,https://www.atptour.com/en/rankings/singles?dateWeek=2025-06-16&rankRange=0-5000,2026-03-22T00:41:33Z
atp,2025-06-16,S0NN,J. Sheehy,Joshua Sheehy,745,33,https://www.atptour.com/en/rankings/singles?dateWeek=2025-06-16&rankRange=0-5000,2026-03-22T00:41:33Z
atp,2025-06-16,B0F8,J. Boulais,Justin Boulais,746,33,https://www.atptour.com/en/rankings/singles?dateWeek=2025-06-16&rankRange=0-5000,2026-03-22T00:41:33Z
atp,2025-06-16,Y0A8,T. Yamanaka,Taiyo Yamanaka,749,33,https://www.atptour.com/en/rankings/singles?dateWeek=2025-06-16&rankRange=0-5000,2026-03-22T00:41:33Z
atp,2025-06-16,Y268,M. Ymer,Mikael Ymer,750,32,https://www.atptour.com/en/rankings/singles?dateWeek=2025-06-16&rankRange=0-5000,2026-03-22T00:41:33Z
atp,2025-06-16,D864,E. Donskoy,Evgeny Donskoy,751,32,https://www.atptour.com/en/rankings/singles?dateWeek=2025-06-16&rankRange=0-5000,2026-03-22T00:41:33Z
atp,2025-06-16,K0HO,O. Kimhi,Orel Kimhi,752,32,https://www.atptour.com/en/rankings/singles?dateWeek=2025-06-16&rankRange=0-5000,2026-03-22T00:41:33Z
atp,2025-06-16,P0FU,F. Pieczonka,Filip Pieczonka,753,32,https://www.atptour.com/en/rankings/singles?dateWeek=2025-06-16&rankRange=0-5000,2026-03-22T00:41:33Z
atp,2025-06-16,KG53,A. Klintcharov,Alexander Klintcharov,754,32,https://www.atptour.com/en/rankings/singles?dateWeek=2025-06-16&rankRange=0-5000,2026-03-22T00:41:33Z
atp,2025-06-16,F0AF,L. Falabella,Lautaro Agustin Falabella,755,32,https://www.atptour.com/en/rankings/singles?dateWeek=2025-06-16&rankRange=0-5000,2026-03-22T00:41:33Z
atp,2025-06-16,D0HM,M. Donald,Matthew William Donald,756,32,https://www.atptour.com/en/rankings/singles?dateWeek=2025-06-16&rankRange=0-5000,2026-03-22T00:41:33Z
atp,2025-06-16,B0D6,T. Baadi,Taha Baadi,757,32,https://www.atptour.com/en/rankings/singles?dateWeek=2025-06-16&rankRange=0-5000,2026-03-22T00:41:33Z
atp,2025-06-16,MV39,T. Masabayashi,Tomohiro Masabayashi,758,32,https://www.atptour.com/en/rankings/singles?dateWeek=2025-06-16&rankRange=0-5000,2026-03-22T00:41:33Z
atp,2025-06-16,A0G8,A. Elsayed,Amr Elsayed,759,32,https://www.atptour.com/en/rankings/singles?dateWeek=2025-06-16&rankRange=0-5000,2026-03-22T00:41:33Z
atp,2025-06-16,M0FN,K. Montsi,Khololwam Montsi,760,31,https://www.atptour.com/en/rankings/singles?dateWeek=2025-06-16&rankRange=0-5000,2026-03-22T00:41:33Z
atp,2025-06-16,O0BQ,K. Ozolins,Karlis Ozolins,761,31,https://www.atptour.com/en/rankings/singles?dateWeek=2025-06-16&rankRange=0-5000,2026-03-22T00:41:33Z
atp,2025-06-16,F664,S. Fanselow,Sebastian Fanselow,762,31,https://www.atptour.com/en/rankings/singles?dateWeek=2025-06-16&rankRange=0-5000,2026-03-22T00:41:33Z
atp,2025-06-16,PL80,B. Pavel,Bogdan Pavel,763,31,https://www.atptour.com/en/rankings/singles?dateWeek=2025-06-16&rankRange=0-5000,2026-03-22T00:41:33Z
atp,2025-06-16,G0FF,A. Garcian,Axel Garcian,764,31,https://www.atptour.com/en/rankings/singles?dateWeek=2025-06-16&rankRange=0-5000,2026-03-22T00:41:33Z
atp,2025-06-16,M0J2,P. Masjuan Ginel,Pablo Masjuan Ginel,765,31,https://www.atptour.com/en/rankings/singles?dateWeek=2025-06-16&rankRange=0-5000,2026-03-22T00:41:33Z
atp,2025-06-16,K0AK,Y. Kawahashi,Yuta Kawahashi,766,31,https://www.atptour.com/en/rankings/singles?dateWeek=2025-06-16&rankRange=0-5000,2026-03-22T00:41:33Z
atp,2025-06-16,S0Y7,M. Summers,Matthew Summers,767,31,https://www.atptour.com/en/rankings/singles?dateWeek=2025-06-16&rankRange=0-5000,2026-03-22T00:41:33Z
atp,2025-06-16,F0BP,P. Fellin,Pietro Fellin,768,31,https://www.atptour.com/en/rankings/singles?dateWeek=2025-06-16&rankRange=0-5000,2026-03-22T00:41:33Z
atp,2025-06-16,M0KA,Y. Milev,Yanaki Milev,769,31,https://www.atptour.com/en/rankings/singles?dateWeek=2025-06-16&rankRange=0-5000,2026-03-22T00:41:33Z
atp,2025-06-16,R0JW,M. Ribecai,Michele Ribecai,770,31,https://www.atptour.com/en/rankings/singles?dateWeek=2025-06-16&rankRange=0-5000,2026-03-22T00:41:33Z
atp,2025-06-16,Y0BB,A. Yazdani,Ali Yazdani,771,30,https://www.atptour.com/en/rankings/singles?dateWeek=2025-06-16&rankRange=0-5000,2026-03-22T00:41:33Z
atp,2025-06-16,GJ05,A. Gautier,Alexis Gautier,772,30,https://www.atptour.com/en/rankings/singles?dateWeek=2025-06-16&rankRange=0-5000,2026-03-22T00:41:33Z
atp,2025-06-16,V0DX,B. Vilicich,Bautista Vilicich,773,30,https://www.atptour.com/en/rankings/singles?dateWeek=2025-06-16&rankRange=0-5000,2026-03-22T00:41:33Z
atp,2025-06-16,P0I5,I. Parisca Romera,Ignacio Parisca Romera,774,30,https://www.atptour.com/en/rankings/singles?dateWeek=2025-06-16&rankRange=0-5000,2026-03-22T00:41:33Z
atp,2025-06-16,W712,K. Wehnelt,Kai Wehnelt,775,30,https://www.atptour.com/en/rankings/singles?dateWeek=2025-06-16&rankRange=0-5000,2026-03-22T00:41:33Z
atp,2025-06-16,V0BP,M. Vankan,Marlon Vankan,776,30,https://www.atptour.com/en/rankings/singles?dateWeek=2025-06-16&rankRange=0-5000,2026-03-22T00:41:33Z
atp,2025-06-16,C0MX,D. Cazacu,Dragos Nicolae Cazacu,777,30,https://www.atptour.com/en/rankings/singles?dateWeek=2025-06-16&rankRange=0-5000,2026-03-22T00:41:33Z
atp,2025-06-16,B0TP,H. Bernet,Henry Bernet,778,29,https://www.atptour.com/en/rankings/singles?dateWeek=2025-06-16&rankRange=0-5000,2026-03-22T00:41:33Z
atp,2025-06-16,B0AM,L. Bocchi,Lorenzo Bocchi,779,29,https://www.atptour.com/en/rankings/singles?dateWeek=2025-06-16&rankRange=0-5000,2026-03-22T00:41:33Z
atp,2025-06-16,C0HX,O. Baris,Ozan Baris,780,29,https://www.atptour.com/en/rankings/singles?dateWeek=2025-06-16&rankRange=0-5000,2026-03-22T00:41:33Z
atp,2025-06-16,D0DB,P. Delage,Pierre Delage,781,29,https://www.atptour.com/en/rankings/singles?dateWeek=2025-06-16&rankRange=0-5000,2026-03-22T00:41:33Z
atp,2025-06-16,S0GF,M. Steiner,Maik Steiner,782,29,https://www.atptour.com/en/rankings/singles?dateWeek=2025-06-16&rankRange=0-5000,2026-03-22T00:41:33Z
atp,2025-06-16,T0AG,Z. Tkemaladze,Zura Tkemaladze,783,29,https://www.atptour.com/en/rankings/singles?dateWeek=2025-06-16&rankRange=0-5000,2026-03-22T00:41:33Z
atp,2025-06-16,D0D9,S. D'Agostino,Stefano D'agostino,784,29,https://www.atptour.com/en/rankings/singles?dateWeek=2025-06-16&rankRange=0-5000,2026-03-22T00:41:33Z
atp,2025-06-16,CL82,D. Cukierman,Daniel Cukierman,785,28,https://www.atptour.com/en/rankings/singles?dateWeek=2025-06-16&rankRange=0-5000,2026-03-22T00:41:33Z
atp,2025-06-16,F0A4,F. Forti,Francesco Forti,786,28,https://www.atptour.com/en/rankings/singles?dateWeek=2025-06-16&rankRange=0-5000,2026-03-22T00:41:33Z
atp,2025-06-16,D0HS,D. Dinev,Dinko Dinev,787,28,https://www.atptour.com/en/rankings/singles?dateWeek=2025-06-16&rankRange=0-5000,2026-03-22T00:41:33Z
atp,2025-06-16,H0BA,S. Hazawa,Shinji Hazawa,788,28,https://www.atptour.com/en/rankings/singles?dateWeek=2025-06-16&rankRange=0-5000,2026-03-22T00:41:33Z
atp,2025-06-16,T0CU,F. Tabacco,Fausto Tabacco,789,28,https://www.atptour.com/en/rankings/singles?dateWeek=2025-06-16&rankRange=0-5000,2026-03-22T00:41:33Z
atp,2025-06-16,V0BS,M. Van Der Meerschen,Martin Van Der Meerschen,790,28,https://www.atptour.com/en/rankings/singles?dateWeek=2025-06-16&rankRange=0-5000,2026-03-22T00:41:33Z
atp,2025-06-16,PL38,S. Prechtel,Sebastian Prechtel,791,28,https://www.atptour.com/en/rankings/singles?dateWeek=2025-06-16&rankRange=0-5000,2026-03-22T00:41:33Z
atp,2025-06-16,K0EZ,Y. Kikuchi,Yuta Kikuchi,792,28,https://www.atptour.com/en/rankings/singles?dateWeek=2025-06-16&rankRange=0-5000,2026-03-22T00:41:33Z
atp,2025-06-16,B0RN,K. Bonsach Ganley,Kane Bonsach Ganley,793,28,https://www.atptour.com/en/rankings/singles?dateWeek=2025-06-16&rankRange=0-5000,2026-03-22T00:41:33Z
atp,2025-06-16,G0GZ,L. Gavrielides,Liam Gavrielides,794,27,https://www.atptour.com/en/rankings/singles?dateWeek=2025-06-16&rankRange=0-5000,2026-03-22T00:41:33Z
atp,2025-06-16,I0BF,I. Ivanov,Ivan Ivanov,795,27,https://www.atptour.com/en/rankings/singles?dateWeek=2025-06-16&rankRange=0-5000,2026-03-22T00:41:33Z
atp,2025-06-16,S0Y0,A. Santamarta Roig,Andres Santamarta Roig,796,27,https://www.atptour.com/en/rankings/singles?dateWeek=2025-06-16&rankRange=0-5000,2026-03-22T00:41:33Z
atp,2025-06-16,K0CZ,G. Klier Junior,Gilbert Klier Junior,797,27,https://www.atptour.com/en/rankings/singles?dateWeek=2025-06-16&rankRange=0-5000,2026-03-22T00:41:33Z
atp,2025-06-16,N0BU,D. Nunez,Daniel Antonio Nunez,798,27,https://www.atptour.com/en/rankings/singles?dateWeek=2025-06-16&rankRange=0-5000,2026-03-22T00:41:33Z
atp,2025-06-16,H0J1,N. Honda,Naoya Honda,799,27,https://www.atptour.com/en/rankings/singles?dateWeek=2025-06-16&rankRange=0-5000,2026-03-22T00:41:33Z
atp,2025-06-16,A0KH,R. Alujas,Rodrigo Alujas,800,27,https://www.atptour.com/en/rankings/singles?dateWeek=2025-06-16&rankRange=0-5000,2026-03-22T00:41:33Z
atp,2025-06-16,RH88,A. Rubio Fierros,Alan Fernando Rubio Fierros,801,27,https://www.atptour.com/en/rankings/singles?dateWeek=2025-06-16&rankRange=0-5000,2026-03-22T00:41:33Z
atp,2025-06-16,K0BJ,G. Kravchenko,Georgii Kravchenko,802,27,https://www.atptour.com/en/rankings/singles?dateWeek=2025-06-16&rankRange=0-5000,2026-03-22T00:41:33Z
atp,2025-06-16,C0LK,C. Caniato,Carlo Alberto Caniato,803,27,https://www.atptour.com/en/rankings/singles?dateWeek=2025-06-16&rankRange=0-5000,2026-03-22T00:41:33Z
atp,2025-06-16,TG42,L. Tessa,Louis Tessa,804,27,https://www.atptour.com/en/rankings/singles?dateWeek=2025-06-16&rankRange=0-5000,2026-03-22T00:41:33Z
atp,2025-06-16,B0BZ,M. Bertimon,Maxence Bertimon,805,27,https://www.atptour.com/en/rankings/singles?dateWeek=2025-06-16&rankRange=0-5000,2026-03-22T00:41:33Z
atp,2025-06-16,CO07,E. Clark,Ezekiel Clark,806,27,https://www.atptour.com/en/rankings/singles?dateWeek=2025-06-16&rankRange=0-5000,2026-03-22T00:41:33Z
atp,2025-06-16,T0I3,M. Tobon,Miguel Tobon,807,26,https://www.atptour.com/en/rankings/singles?dateWeek=2025-06-16&rankRange=0-5000,2026-03-22T00:41:33Z
atp,2025-06-16,H0EI,M. Hurrion,Millen Hurrion,808,26,https://www.atptour.com/en/rankings/singles?dateWeek=2025-06-16&rankRange=0-5000,2026-03-22T00:41:33Z
atp,2025-06-16,W749,E. Wallart,Enzo Wallart,809,26,https://www.atptour.com/en/rankings/singles?dateWeek=2025-06-16&rankRange=0-5000,2026-03-22T00:41:33Z
atp,2025-06-16,F0GD,J. Filip,Jakub Filip,810,26,https://www.atptour.com/en/rankings/singles?dateWeek=2025-06-16&rankRange=0-5000,2026-03-22T00:41:33Z
atp,2025-06-16,MW69,M. Mbithi,Mwendwa Mbithi,811,26,https://www.atptour.com/en/rankings/singles?dateWeek=2025-06-16&rankRange=0-5000,2026-03-22T00:41:33Z
atp,2025-06-16,RB86,S. Rawat,Sidharth Rawat,812,26,https://www.atptour.com/en/rankings/singles?dateWeek=2025-06-16&rankRange=0-5000,2026-03-22T00:41:33Z
atp,2025-06-16,J0AI,M. Jones,Miles Jones,813,26,https://www.atptour.com/en/rankings/singles?dateWeek=2025-06-16&rankRange=0-5000,2026-03-22T00:41:33Z
atp,2025-06-16,F0HI,R. Fishback,Ryan Fishback,814,26,https://www.atptour.com/en/rankings/singles?dateWeek=2025-06-16&rankRange=0-5000,2026-03-22T00:41:33Z
atp,2025-06-16,P0HY,S. Pieri,Samuele Pieri,815,26,https://www.atptour.com/en/rankings/singles?dateWeek=2025-06-16&rankRange=0-5000,2026-03-22T00:41:33Z
atp,2025-06-16,ML51,T. Martin,Toby Martin,816,26,https://www.atptour.com/en/rankings/singles?dateWeek=2025-06-16&rankRange=0-5000,2026-03-22T00:41:33Z
atp,2025-06-16,F0GS,A. Forger,Abel Forger,817,26,https://www.atptour.com/en/rankings/singles?dateWeek=2025-06-16&rankRange=0-5000,2026-03-22T00:41:33Z
atp,2025-06-16,M0RO,I. Miletich,Iannis Miletich,818,26,https://www.atptour.com/en/rankings/singles?dateWeek=2025-06-16&rankRange=0-5000,2026-03-22T00:41:33Z
atp,2025-06-16,SZ36,N. Schell,Niklas Schell,819,26,https://www.atptour.com/en/rankings/singles?dateWeek=2025-06-16&rankRange=0-5000,2026-03-22T00:41:33Z
atp,2025-06-16,LG37,G. Lomakin,Grigoriy Lomakin,820,26,https://www.atptour.com/en/rankings/singles?dateWeek=2025-06-16&rankRange=0-5000,2026-03-22T00:41:33Z
atp,2025-06-16,O449,O. Otte,Oscar Otte,821,25,https://www.atptour.com/en/rankings/singles?dateWeek=2025-06-16&rankRange=0-5000,2026-03-22T00:41:33Z
atp,2025-06-16,V09T,P. Vives Marcos,Pedro Vives Marcos,822,25,https://www.atptour.com/en/rankings/singles?dateWeek=2025-06-16&rankRange=0-5000,2026-03-22T00:41:33Z
atp,2025-06-16,B0IF,B. Baker,Blu Baker,823,25,https://www.atptour.com/en/rankings/singles?dateWeek=2025-06-16&rankRange=0-5000,2026-03-22T00:41:33Z
atp,2025-06-16,K0EL,A. Kotzen,Alexander Kotzen,824,25,https://www.atptour.com/en/rankings/singles?dateWeek=2025-06-16&rankRange=0-5000,2026-03-22T00:41:33Z
atp,2025-06-16,L0G8,V. Lilov,Victor Lilov,825,25,https://www.atptour.com/en/rankings/singles?dateWeek=2025-06-16&rankRange=0-5000,2026-03-22T00:41:33Z
atp,2025-06-16,S0IK,T. Stice,Tyler Stice,826,25,https://www.atptour.com/en/rankings/singles?dateWeek=2025-06-16&rankRange=0-5000,2026-03-22T00:41:33Z
atp,2025-06-16,S0U5,T. Sach,Tai Sach,827,25,https://www.atptour.com/en/rankings/singles?dateWeek=2025-06-16&rankRange=0-5000,2026-03-22T00:41:33Z
atp,2025-06-16,R0HQ,L. Raquillet,Leo Raquillet,828,25,https://www.atptour.com/en/rankings/singles?dateWeek=2025-06-16&rankRange=0-5000,2026-03-22T00:41:33Z
atp,2025-06-16,R09T,A. Reco,Alexandre Reco,829,25,https://www.atptour.com/en/rankings/singles?dateWeek=2025-06-16&rankRange=0-5000,2026-03-22T00:41:33Z
atp,2025-06-16,R0BF,F. Ribero,Franco Ribero,830,25,https://www.atptour.com/en/rankings/singles?dateWeek=2025-06-16&rankRange=0-5000,2026-03-22T00:41:33Z
atp,2025-06-16,CN44,T. Curras Abasolo,Tomas Curras Abasolo,831,25,https://www.atptour.com/en/rankings/singles?dateWeek=2025-06-16&rankRange=0-5000,2026-03-22T00:41:33Z
atp,2025-06-16,I0BE,S. Ivanov,Saveliy Ivanov,832,25,https://www.atptour.com/en/rankings/singles?dateWeek=2025-06-16&rankRange=0-5000,2026-03-22T00:41:33Z
atp,2025-06-16,LB84,J. Londero,Juan Ignacio Londero,833,24,https://www.atptour.com/en/rankings/singles?dateWeek=2025-06-16&rankRange=0-5000,2026-03-22T00:41:33Z
atp,2025-06-16,BF23,F. Bagnis,Facundo Bagnis,834,24,https://www.atptour.com/en/rankings/singles?dateWeek=2025-06-16&rankRange=0-5000,2026-03-22T00:41:33Z
atp,2025-06-16,Q02O,R. Quan,Rudy Quan,835,24,https://www.atptour.com/en/rankings/singles?dateWeek=2025-06-16&rankRange=0-5000,2026-03-22T00:41:33Z
atp,2025-06-16,H0K0,C. Hewitt,Cruz Hewitt,836,24,https://www.atptour.com/en/rankings/singles?dateWeek=2025-06-16&rankRange=0-5000,2026-03-22T00:41:33Z
atp,2025-06-16,D0CF,S. Danilov,Savriyan Danilov,837,24,https://www.atptour.com/en/rankings/singles?dateWeek=2025-06-16&rankRange=0-5000,2026-03-22T00:41:33Z
atp,2025-06-16,K0O4,M. Kouame,Moise Kouame,838,24,https://www.atptour.com/en/rankings/singles?dateWeek=2025-06-16&rankRange=0-5000,2026-03-22T00:41:33Z
atp,2025-06-16,R0IO,V. Radjenovic,Vuk Radjenovic,839,24,https://www.atptour.com/en/rankings/singles?dateWeek=2025-06-16&rankRange=0-5000,2026-03-22T00:41:33Z
atp,2025-06-16,L0CU,T. Serrano Luis,Tomas Serrano Luis,840,24,https://www.atptour.com/en/rankings/singles?dateWeek=2025-06-16&rankRange=0-5000,2026-03-22T00:41:33Z
atp,2025-06-16,H0HS,M. Hulme,Matt Hulme,841,24,https://www.atptour.com/en/rankings/singles?dateWeek=2025-06-16&rankRange=0-5000,2026-03-22T00:41:33Z
atp,2025-06-16,F902,J. Flores,Jesse Flores,842,24,https://www.atptour.com/en/rankings/singles?dateWeek=2025-06-16&rankRange=0-5000,2026-03-22T00:41:33Z
atp,2025-06-16,B0WL,F. Balshaw,Felix Balshaw,843,24,https://www.atptour.com/en/rankings/singles?dateWeek=2025-06-16&rankRange=0-5000,2026-03-22T00:41:33Z
atp,2025-06-16,W09X,B. Winter Lopez,Benjamin Winter Lopez,844,24,https://www.atptour.com/en/rankings/singles?dateWeek=2025-06-16&rankRange=0-5000,2026-03-22T00:41:33Z
atp,2025-06-16,D0IP,G. De Almeida,Gustavo Ribeiro De Almeida,845,24,https://www.atptour.com/en/rankings/singles?dateWeek=2025-06-16&rankRange=0-5000,2026-03-22T00:41:33Z
atp,2025-06-16,D0HI,C. Duhan,Chirag Duhan,846,24,https://www.atptour.com/en/rankings/singles?dateWeek=2025-06-16&rankRange=0-5000,2026-03-22T00:41:33Z
atp,2025-06-16,TD49,M. Turker,Mert Naci Turker,847,24,https://www.atptour.com/en/rankings/singles?dateWeek=2025-06-16&rankRange=0-5000,2026-03-22T00:41:33Z
atp,2025-06-16,B0P4,T. Berkieta,Tomasz Berkieta,848,24,https://www.atptour.com/en/rankings/singles?dateWeek=2025-06-16&rankRange=0-5000,2026-03-22T00:41:33Z
atp,2025-06-16,F0CK,A. Fenty,Andrew Fenty,849,24,https://www.atptour.com/en/rankings/singles?dateWeek=2025-06-16&rankRange=0-5000,2026-03-22T00:41:33Z
atp,2025-06-16,A0JW,J. Aguilar Cardozo,Joaquin Aguilar Cardozo,850,24,https://www.atptour.com/en/rankings/singles?dateWeek=2025-06-16&rankRange=0-5000,2026-03-22T00:41:33Z
atp,2025-06-16,J0DL,N. Jadoun,Nicolas Jadoun,851,24,https://www.atptour.com/en/rankings/singles?dateWeek=2025-06-16&rankRange=0-5000,2026-03-22T00:41:33Z
atp,2025-06-16,BU53,C. Bittoun Kouzmine,Constantin Bittoun Kouzmine,852,24,https://www.atptour.com/en/rankings/singles?dateWeek=2025-06-16&rankRange=0-5000,2026-03-22T00:41:33Z
atp,2025-06-16,B0I0,A. Bernard,Alexander Bernard,853,23,https://www.atptour.com/en/rankings/singles?dateWeek=2025-06-16&rankRange=0-5000,2026-03-22T00:41:33Z
atp,2025-06-16,I305,I. Ivashka,Ilya Ivashka,854,23,https://www.atptour.com/en/rankings/singles?dateWeek=2025-06-16&rankRange=0-5000,2026-03-22T00:41:33Z
atp,2025-06-16,A0IH,J. Anthrop,Jack Anthrop,855,23,https://www.atptour.com/en/rankings/singles?dateWeek=2025-06-16&rankRange=0-5000,2026-03-22T00:41:33Z
atp,2025-06-16,V0J1,J. Vasami,Jacopo Vasami,856,23,https://www.atptour.com/en/rankings/singles?dateWeek=2025-06-16&rankRange=0-5000,2026-03-22T00:41:33Z
atp,2025-06-16,H0JL,J. Friend,Jay Friend,857,23,https://www.atptour.com/en/rankings/singles?dateWeek=2025-06-16&rankRange=0-5000,2026-03-22T00:41:33Z
atp,2025-06-16,LB78,J. Lee,Jea Moon Lee,858,23,https://www.atptour.com/en/rankings/singles?dateWeek=2025-06-16&rankRange=0-5000,2026-03-22T00:41:33Z
atp,2025-06-16,A0IY,L. Alvarez,Luis Carlos Alvarez,859,23,https://www.atptour.com/en/rankings/singles?dateWeek=2025-06-16&rankRange=0-5000,2026-03-22T00:41:33Z
atp,2025-06-16,O674,Y. Oliel,Yshai Oliel,860,23,https://www.atptour.com/en/rankings/singles?dateWeek=2025-06-16&rankRange=0-5000,2026-03-22T00:41:33Z
atp,2025-06-16,AD23,O. Anderson,Oliver Anderson,861,23,https://www.atptour.com/en/rankings/singles?dateWeek=2025-06-16&rankRange=0-5000,2026-03-22T00:41:33Z
atp,2025-06-16,B0NV,P. Brady,Patrick Brady,862,23,https://www.atptour.com/en/rankings/singles?dateWeek=2025-06-16&rankRange=0-5000,2026-03-22T00:41:33Z
atp,2025-06-16,P0MN,A. Pedrico Kravtsov,Albert Pedrico Kravtsov,863,23,https://www.atptour.com/en/rankings/singles?dateWeek=2025-06-16&rankRange=0-5000,2026-03-22T00:41:33Z
atp,2025-06-16,P0ME,L. Preda,Luca Preda,864,23,https://www.atptour.com/en/rankings/singles?dateWeek=2025-06-16&rankRange=0-5000,2026-03-22T00:41:33Z
atp,2025-06-16,D0DK,S. De La Fuente,Santiago De La Fuente,865,23,https://www.atptour.com/en/rankings/singles?dateWeek=2025-06-16&rankRange=0-5000,2026-03-22T00:41:33Z
atp,2025-06-16,P0G0,E. Philippov,Evgeny Philippov,866,23,https://www.atptour.com/en/rankings/singles?dateWeek=2025-06-16&rankRange=0-5000,2026-03-22T00:41:33Z
atp,2025-06-16,G0ME,G. Ghetu,Gabriel Ghetu,867,23,https://www.atptour.com/en/rankings/singles?dateWeek=2025-06-16&rankRange=0-5000,2026-03-22T00:41:33Z
atp,2025-06-16,B0HD,N. Basic,Nikola Basic,868,23,https://www.atptour.com/en/rankings/singles?dateWeek=2025-06-16&rankRange=0-5000,2026-03-22T00:41:33Z
atp,2025-06-16,MW62,N. Mashtakov,Nikita Mashtakov,869,23,https://www.atptour.com/en/rankings/singles?dateWeek=2025-06-16&rankRange=0-5000,2026-03-22T00:41:33Z
atp,2025-06-16,S0SD,J. Szajrych,Jasza Szajrych,870,23,https://www.atptour.com/en/rankings/singles?dateWeek=2025-06-16&rankRange=0-5000,2026-03-22T00:41:33Z
atp,2025-06-16,C0GK,T. Cigarran,Thiago Cigarran,871,23,https://www.atptour.com/en/rankings/singles?dateWeek=2025-06-16&rankRange=0-5000,2026-03-22T00:41:33Z
atp,2025-06-16,M0K2,P. Marino,Pietro Marino,872,23,https://www.atptour.com/en/rankings/singles?dateWeek=2025-06-16&rankRange=0-5000,2026-03-22T00:41:33Z
atp,2025-06-16,G0MH,B. George,Benjamin Thomas George,873,23,https://www.atptour.com/en/rankings/singles?dateWeek=2025-06-16&rankRange=0-5000,2026-03-22T00:41:33Z
atp,2025-06-16,PH67,N. Ponwith,Nathan Ponwith,874,23,https://www.atptour.com/en/rankings/singles?dateWeek=2025-06-16&rankRange=0-5000,2026-03-22T00:41:33Z
atp,2025-06-16,B0LV,M. Bassem Sobhy,Michael Bassem Sobhy,875,23,https://www.atptour.com/en/rankings/singles?dateWeek=2025-06-16&rankRange=0-5000,2026-03-22T00:41:33Z
atp,2025-06-16,C0P0,S. Callejon Hernando,Sergio Callejon Hernando,876,23,https://www.atptour.com/en/rankings/singles?dateWeek=2025-06-16&rankRange=0-5000,2026-03-22T00:41:33Z
atp,2025-06-16,V0G2,A. Vales,Amit Vales,877,23,https://www.atptour.com/en/rankings/singles?dateWeek=2025-06-16&rankRange=0-5000,2026-03-22T00:41:33Z
atp,2025-06-16,F0C4,D. Fernandez Flores,Diego Fernandez Flores,878,23,https://www.atptour.com/en/rankings/singles?dateWeek=2025-06-16&rankRange=0-5000,2026-03-22T00:41:33Z
atp,2025-06-16,M0HO,M. Marinescu,Mihai Razvan Marinescu,879,23,https://www.atptour.com/en/rankings/singles?dateWeek=2025-06-16&rankRange=0-5000,2026-03-22T00:41:33Z
atp,2025-06-16,S0DE,D. Suresh,Dhakshineswar Suresh,880,22,https://www.atptour.com/en/rankings/singles?dateWeek=2025-06-16&rankRange=0-5000,2026-03-22T00:41:33Z
atp,2025-06-16,PI95,D. Pichler,David Pichler,881,22,https://www.atptour.com/en/rankings/singles?dateWeek=2025-06-16&rankRange=0-5000,2026-03-22T00:41:33Z
atp,2025-06-16,H0GK,M. Homberg,Maximilian Homberg,882,22,https://www.atptour.com/en/rankings/singles?dateWeek=2025-06-16&rankRange=0-5000,2026-03-22T00:41:33Z
atp,2025-06-16,F965,S. Fukuda,Sora Fukuda,883,22,https://www.atptour.com/en/rankings/singles?dateWeek=2025-06-16&rankRange=0-5000,2026-03-22T00:41:33Z
atp,2025-06-16,S0Z6,A. Stater,Alexander Stater,884,22,https://www.atptour.com/en/rankings/singles?dateWeek=2025-06-16&rankRange=0-5000,2026-03-22T00:41:33Z
atp,2025-06-16,P0KA,S. Pankin,Semen Pankin,885,22,https://www.atptour.com/en/rankings/singles?dateWeek=2025-06-16&rankRange=0-5000,2026-03-22T00:41:33Z
atp,2025-06-16,K0HT,E. Khoeblal,Elgin Khoeblal,886,22,https://www.atptour.com/en/rankings/singles?dateWeek=2025-06-16&rankRange=0-5000,2026-03-22T00:41:33Z
atp,2025-06-16,S0UM,J. Simundza,Josip Simundza,887,22,https://www.atptour.com/en/rankings/singles?dateWeek=2025-06-16&rankRange=0-5000,2026-03-22T00:41:33Z
atp,2025-06-16,A887,G. Andreozzi,Guido Andreozzi,888,21,https://www.atptour.com/en/rankings/singles?dateWeek=2025-06-16&rankRange=0-5000,2026-03-22T00:41:33Z
atp,2025-06-16,RD48,I. Marcondes,Igor Marcondes,889,21,https://www.atptour.com/en/rankings/singles?dateWeek=2025-06-16&rankRange=0-5000,2026-03-22T00:41:33Z
atp,2025-06-16,BP41,A. Bellier,Antoine Bellier,890,21,https://www.atptour.com/en/rankings/singles?dateWeek=2025-06-16&rankRange=0-5000,2026-03-22T00:41:33Z
atp,2025-06-16,RA51,B. Rola,Blaz Rola,891,21,https://www.atptour.com/en/rankings/singles?dateWeek=2025-06-16&rankRange=0-5000,2026-03-22T00:41:33Z
atp,2025-06-16,LD22,N. Ly,Nam Hoang Ly,892,21,https://www.atptour.com/en/rankings/singles?dateWeek=2025-06-16&rankRange=0-5000,2026-03-22T00:41:33Z
atp,2025-06-16,N561,I. Nedelko,Ivan Nedelko,893,21,https://www.atptour.com/en/rankings/singles?dateWeek=2025-06-16&rankRange=0-5000,2026-03-22T00:41:33Z
atp,2025-06-16,G0I2,A. Gobat,Adrien Gobat,894,21,https://www.atptour.com/en/rankings/singles?dateWeek=2025-06-16&rankRange=0-5000,2026-03-22T00:41:33Z
atp,2025-06-16,O527,C. Oh,Chanyeong Oh,895,21,https://www.atptour.com/en/rankings/singles?dateWeek=2025-06-16&rankRange=0-5000,2026-03-22T00:41:33Z
atp,2025-06-16,S0BG,D. Sumizawa,Daisuke Sumizawa,896,21,https://www.atptour.com/en/rankings/singles?dateWeek=2025-06-16&rankRange=0-5000,2026-03-22T00:41:33Z
atp,2025-06-16,K0EM,M. Kuhar,Matt Kuhar,897,21,https://www.atptour.com/en/rankings/singles?dateWeek=2025-06-16&rankRange=0-5000,2026-03-22T00:41:33Z
atp,2025-06-16,L0CS,P. Lu,Pengyu Lu,898,21,https://www.atptour.com/en/rankings/singles?dateWeek=2025-06-16&rankRange=0-5000,2026-03-22T00:41:33Z
atp,2025-06-16,D0CU,D. De Jonge,Daniel De Jonge,899,21,https://www.atptour.com/en/rankings/singles?dateWeek=2025-06-16&rankRange=0-5000,2026-03-22T00:41:33Z
atp,2025-06-16,KB05,F. Krajinovic,Filip Krajinovic,900,20,https://www.atptour.com/en/rankings/singles?dateWeek=2025-06-16&rankRange=0-5000,2026-03-22T00:41:33Z
atp,2025-06-16,GB41,J. Gomez,Juan Sebastian Gomez,901,20,https://www.atptour.com/en/rankings/singles?dateWeek=2025-06-16&rankRange=0-5000,2026-03-22T00:41:33Z
atp,2025-06-16,G0OF,G. Georgiev,Georgi Georgiev,902,20,https://www.atptour.com/en/rankings/singles?dateWeek=2025-06-16&rankRange=0-5000,2026-03-22T00:41:33Z
atp,2025-06-16,HA33,P. Heller,Peter Heller,903,20,https://www.atptour.com/en/rankings/singles?dateWeek=2025-06-16&rankRange=0-5000,2026-03-22T00:41:33Z
atp,2025-06-16,T0BD,N. Tepmahc,Nicolas Tepmahc,904,20,https://www.atptour.com/en/rankings/singles?dateWeek=2025-06-16&rankRange=0-5000,2026-03-22T00:41:33Z
atp,2025-06-16,L09D,A. Liaonenka,Aliaksandr Liaonenka,905,20,https://www.atptour.com/en/rankings/singles?dateWeek=2025-06-16&rankRange=0-5000,2026-03-22T00:41:33Z
atp,2025-06-16,F0C0,C. Ferguson,Chase Ferguson,906,20,https://www.atptour.com/en/rankings/singles?dateWeek=2025-06-16&rankRange=0-5000,2026-03-22T00:41:33Z
atp,2025-06-16,N0EG,A. Nagel,Arthur Nagel,907,20,https://www.atptour.com/en/rankings/singles?dateWeek=2025-06-16&rankRange=0-5000,2026-03-22T00:41:33Z
atp,2025-06-16,M0R4,J. Martin Manzano,Juan Cruz Martin Manzano,908,20,https://www.atptour.com/en/rankings/singles?dateWeek=2025-06-16&rankRange=0-5000,2026-03-22T00:41:33Z
atp,2025-06-16,K0FW,J. Kupcic,Jan Kupcic,909,20,https://www.atptour.com/en/rankings/singles?dateWeek=2025-06-16&rankRange=0-5000,2026-03-22T00:41:33Z
atp,2025-06-16,TG67,K. Tamm,Kristjan Tamm,910,20,https://www.atptour.com/en/rankings/singles?dateWeek=2025-06-16&rankRange=0-5000,2026-03-22T00:41:33Z
atp,2025-06-16,R0IB,M. Rivet,Maxence Rivet,911,20,https://www.atptour.com/en/rankings/singles?dateWeek=2025-06-16&rankRange=0-5000,2026-03-22T00:41:33Z
atp,2025-06-16,N724,G. Noce,Gabriele Maria Noce,912,20,https://www.atptour.com/en/rankings/singles?dateWeek=2025-06-16&rankRange=0-5000,2026-03-22T00:41:33Z
atp,2025-06-16,B0M3,P. Bailly,Pierre Yves Bailly,913,19,https://www.atptour.com/en/rankings/singles?dateWeek=2025-06-16&rankRange=0-5000,2026-03-22T00:41:33Z
atp,2025-06-16,S0TM,T. Samuel,Toby Samuel,914,19,https://www.atptour.com/en/rankings/singles?dateWeek=2025-06-16&rankRange=0-5000,2026-03-22T00:41:33Z
atp,2025-06-16,O0E7,A. Omarkhanov,Amir Omarkhanov,915,19,https://www.atptour.com/en/rankings/singles?dateWeek=2025-06-16&rankRange=0-5000,2026-03-22T00:41:33Z
atp,2025-06-16,M0HD,A. Magadan,Alan Magadan,916,19,https://www.atptour.com/en/rankings/singles?dateWeek=2025-06-16&rankRange=0-5000,2026-03-22T00:41:33Z
atp,2025-06-16,B0JN,T. Braithwaite,Thomas Braithwaite,917,19,https://www.atptour.com/en/rankings/singles?dateWeek=2025-06-16&rankRange=0-5000,2026-03-22T00:41:33Z
atp,2025-06-16,P0CD,D. Paty,Daniel Paty,920,19,https://www.atptour.com/en/rankings/singles?dateWeek=2025-06-16&rankRange=0-5000,2026-03-22T00:41:33Z
atp,2025-06-16,K0AB,A. Kalyanpur,Adil Kalyanpur,921,19,https://www.atptour.com/en/rankings/singles?dateWeek=2025-06-16&rankRange=0-5000,2026-03-22T00:41:33Z
atp,2025-06-16,P0KS,L. Poertner,Lasse Poertner,922,19,https://www.atptour.com/en/rankings/singles?dateWeek=2025-06-16&rankRange=0-5000,2026-03-22T00:41:33Z
atp,2025-06-16,O560,J. Osorio,Juan Sebastian Osorio,923,19,https://www.atptour.com/en/rankings/singles?dateWeek=2025-06-16&rankRange=0-5000,2026-03-22T00:41:33Z
atp,2025-06-16,K0HU,A. Kukasian,Artur Kukasian,924,19,https://www.atptour.com/en/rankings/singles?dateWeek=2025-06-16&rankRange=0-5000,2026-03-22T00:41:33Z
atp,2025-06-16,C0KO,N. Ciavarella,Niccolò Ciavarella,925,19,https://www.atptour.com/en/rankings/singles?dateWeek=2025-06-16&rankRange=0-5000,2026-03-22T00:41:33Z
atp,2025-06-16,A0IE,S. Andre,Seydina Andre,926,19,https://www.atptour.com/en/rankings/singles?dateWeek=2025-06-16&rankRange=0-5000,2026-03-22T00:41:33Z
atp,2025-06-16,L0DB,G. La Vela,Giuseppe La Vela,927,19,https://www.atptour.com/en/rankings/singles?dateWeek=2025-06-16&rankRange=0-5000,2026-03-22T00:41:33Z
atp,2025-06-16,S0S9,D. Sakellaridis,Dimitris Sakellaridis,928,19,https://www.atptour.com/en/rankings/singles?dateWeek=2025-06-16&rankRange=0-5000,2026-03-22T00:41:33Z
atp,2025-06-16,S0R2,B. Sanchez Martinez,Benito Sanchez Martinez,929,18,https://www.atptour.com/en/rankings/singles?dateWeek=2025-06-16&rankRange=0-5000,2026-03-22T00:41:33Z
atp,2025-06-16,B0PW,K. Bigun,Kaylan Bigun,930,18,https://www.atptour.com/en/rankings/singles?dateWeek=2025-06-16&rankRange=0-5000,2026-03-22T00:41:33Z
atp,2025-06-16,FA50,T. Fancutt,Thomas Fancutt,931,18,https://www.atptour.com/en/rankings/singles?dateWeek=2025-06-16&rankRange=0-5000,2026-03-22T00:41:33Z
atp,2025-06-16,B0VF,O. Bonding,Oliver Bonding,932,18,https://www.atptour.com/en/rankings/singles?dateWeek=2025-06-16&rankRange=0-5000,2026-03-22T00:41:33Z
atp,2025-06-16,C0JR,I. Chirita,Ioan Alexandru Chirita,933,18,https://www.atptour.com/en/rankings/singles?dateWeek=2025-06-16&rankRange=0-5000,2026-03-22T00:41:33Z
atp,2025-06-16,C0PX,M. Covato,Matteo Covato,936,18,https://www.atptour.com/en/rankings/singles?dateWeek=2025-06-16&rankRange=0-5000,2026-03-22T00:41:33Z
atp,2025-06-16,M0WZ,L. Marionneau,Lucas Marionneau,937,18,https://www.atptour.com/en/rankings/singles?dateWeek=2025-06-16&rankRange=0-5000,2026-03-22T00:41:33Z
atp,2025-06-16,LE01,D. Lee,Duckhee Lee,938,18,https://www.atptour.com/en/rankings/singles?dateWeek=2025-06-16&rankRange=0-5000,2026-03-22T00:41:33Z
atp,2025-06-16,B0QL,B. Bozemoj,Brian Bozemoj,939,18,https://www.atptour.com/en/rankings/singles?dateWeek=2025-06-16&rankRange=0-5000,2026-03-22T00:41:33Z
atp,2025-06-16,T0A0,S. Tang,Sheng Tang,940,18,https://www.atptour.com/en/rankings/singles?dateWeek=2025-06-16&rankRange=0-5000,2026-03-22T00:41:33Z
atp,2025-06-16,M0B9,D. Marques,Diogo Marques,941,18,https://www.atptour.com/en/rankings/singles?dateWeek=2025-06-16&rankRange=0-5000,2026-03-22T00:41:33Z
atp,2025-06-16,A0EU,A. Aubriot,Alexandre Aubriot,942,18,https://www.atptour.com/en/rankings/singles?dateWeek=2025-06-16&rankRange=0-5000,2026-03-22T00:41:33Z
atp,2025-06-16,J0CS,P. Jovanovic,Petar Jovanovic,943,17,https://www.atptour.com/en/rankings/singles?dateWeek=2025-06-16&rankRange=0-5000,2026-03-22T00:41:33Z
atp,2025-06-16,GB53,F. Gaio,Federico Gaio,944,17,https://www.atptour.com/en/rankings/singles?dateWeek=2025-06-16&rankRange=0-5000,2026-03-22T00:41:33Z
atp,2025-06-16,RA43,M. Rajski,Maciej Rajski,945,17,https://www.atptour.com/en/rankings/singles?dateWeek=2025-06-16&rankRange=0-5000,2026-03-22T00:41:33Z
atp,2025-06-16,J0BQ,K. Juhas,Kristijan Juhas,946,17,https://www.atptour.com/en/rankings/singles?dateWeek=2025-06-16&rankRange=0-5000,2026-03-22T00:41:33Z
atp,2025-06-16,E0CI,S. Eriksson,Sebastian Eriksson,947,17,https://www.atptour.com/en/rankings/singles?dateWeek=2025-06-16&rankRange=0-5000,2026-03-22T00:41:33Z
atp,2025-06-16,S0JH,F. Speziali,Filippo Speziali,948,17,https://www.atptour.com/en/rankings/singles?dateWeek=2025-06-16&rankRange=0-5000,2026-03-22T00:41:33Z
atp,2025-06-16,L0C6,S. Latinovic,Stefan Latinovic,949,17,https://www.atptour.com/en/rankings/singles?dateWeek=2025-06-16&rankRange=0-5000,2026-03-22T00:41:33Z
atp,2025-06-16,AC84,C. Altamirano,Collin Altamirano,950,17,https://www.atptour.com/en/rankings/singles?dateWeek=2025-06-16&rankRange=0-5000,2026-03-22T00:41:33Z
atp,2025-06-16,E0AB,I. Eqbal,Ishaque Eqbal,951,17,https://www.atptour.com/en/rankings/singles?dateWeek=2025-06-16&rankRange=0-5000,2026-03-22T00:41:33Z
atp,2025-06-16,S0TB,E. Strode,Elijah Strode,952,17,https://www.atptour.com/en/rankings/singles?dateWeek=2025-06-16&rankRange=0-5000,2026-03-22T00:41:33Z
atp,2025-06-16,Z0C7,Y. Zeng,Yaojie Zeng,953,17,https://www.atptour.com/en/rankings/singles?dateWeek=2025-06-16&rankRange=0-5000,2026-03-22T00:41:33Z
atp,2025-06-16,R0AY,G. Ramskogler,Gregor Ramskogler,954,17,https://www.atptour.com/en/rankings/singles?dateWeek=2025-06-16&rankRange=0-5000,2026-03-22T00:41:33Z
atp,2025-06-16,C09Y,J. Charlton,Joshua Charlton,955,17,https://www.atptour.com/en/rankings/singles?dateWeek=2025-06-16&rankRange=0-5000,2026-03-22T00:41:33Z
atp,2025-06-16,B0PD,P. Buldorini,Peter Buldorini,956,17,https://www.atptour.com/en/rankings/singles?dateWeek=2025-06-16&rankRange=0-5000,2026-03-22T00:41:33Z
atp,2025-06-16,H0CE,P. Hjorth,Philip Hjorth,957,17,https://www.atptour.com/en/rankings/singles?dateWeek=2025-06-16&rankRange=0-5000,2026-03-22T00:41:33Z
atp,2025-06-16,U174,K. Uesugi,Kaito Uesugi,958,16,https://www.atptour.com/en/rankings/singles?dateWeek=2025-06-16&rankRange=0-5000,2026-03-22T00:41:33Z
atp,2025-06-16,H0E9,E. Hadigian,Eric Hadigian,959,16,https://www.atptour.com/en/rankings/singles?dateWeek=2025-06-16&rankRange=0-5000,2026-03-22T00:41:33Z
atp,2025-06-16,W0DP,J. Weekes,Jaden Weekes,960,16,https://www.atptour.com/en/rankings/singles?dateWeek=2025-06-16&rankRange=0-5000,2026-03-22T00:41:33Z
atp,2025-06-16,I0AP,K. Ivanovski,Kalin Ivanovski,961,16,https://www.atptour.com/en/rankings/singles?dateWeek=2025-06-16&rankRange=0-5000,2026-03-22T00:41:33Z
atp,2025-06-16,Y235,J. Yamasaki,Jumpei Yamasaki,962,16,https://www.atptour.com/en/rankings/singles?dateWeek=2025-06-16&rankRange=0-5000,2026-03-22T00:41:33Z
atp,2025-06-16,B0C3,S. Beaupain,Simon Beaupain,963,16,https://www.atptour.com/en/rankings/singles?dateWeek=2025-06-16&rankRange=0-5000,2026-03-22T00:41:33Z
atp,2025-06-16,SP80,N. Serdarusic,Nino Serdarusic,964,16,https://www.atptour.com/en/rankings/singles?dateWeek=2025-06-16&rankRange=0-5000,2026-03-22T00:41:33Z
atp,2025-06-16,T0GK,R. Tiukaev,Ruslan Tiukaev,965,16,https://www.atptour.com/en/rankings/singles?dateWeek=2025-06-16&rankRange=0-5000,2026-03-22T00:41:33Z
atp,2025-06-16,F0C2,A. Fiorentini,Andrea Fiorentini,966,16,https://www.atptour.com/en/rankings/singles?dateWeek=2025-06-16&rankRange=0-5000,2026-03-22T00:41:33Z
atp,2025-06-16,C0LM,C. Camus,Charlie Camus,967,16,https://www.atptour.com/en/rankings/singles?dateWeek=2025-06-16&rankRange=0-5000,2026-03-22T00:41:33Z
atp,2025-06-16,P0JK,N. Perfetti,Noah Perfetti,968,16,https://www.atptour.com/en/rankings/singles?dateWeek=2025-06-16&rankRange=0-5000,2026-03-22T00:41:33Z
atp,2025-06-16,Z350,M. Zhu,Michael Zhu,969,16,https://www.atptour.com/en/rankings/singles?dateWeek=2025-06-16&rankRange=0-5000,2026-03-22T00:41:33Z
atp,2025-06-16,X01D,K. Xu,Kuang Qing Xu,970,15,https://www.atptour.com/en/rankings/singles?dateWeek=2025-06-16&rankRange=0-5000,2026-03-22T00:41:33Z
atp,2025-06-16,S0WX,P. Schoen,Patrick Schoen,971,15,https://www.atptour.com/en/rankings/singles?dateWeek=2025-06-16&rankRange=0-5000,2026-03-22T00:41:33Z
atp,2025-06-16,G0D4,L. Gagliardo,Lorenzo Gagliardo,972,15,https://www.atptour.com/en/rankings/singles?dateWeek=2025-06-16&rankRange=0-5000,2026-03-22T00:41:33Z
atp,2025-06-16,AB54,H. Adams,Harrison Adams,973,15,https://www.atptour.com/en/rankings/singles?dateWeek=2025-06-16&rankRange=0-5000,2026-03-22T00:41:33Z
atp,2025-06-16,KI74,N. Kuhn,Nicola Kuhn,974,15,https://www.atptour.com/en/rankings/singles?dateWeek=2025-06-16&rankRange=0-5000,2026-03-22T00:41:33Z
atp,2025-06-16,L0IP,J. Loutit,Jack Loutit,975,15,https://www.atptour.com/en/rankings/singles?dateWeek=2025-06-16&rankRange=0-5000,2026-03-22T00:41:33Z
atp,2025-06-16,CH90,Y. Chung,Yun Seong Chung,976,15,https://www.atptour.com/en/rankings/singles?dateWeek=2025-06-16&rankRange=0-5000,2026-03-22T00:41:33Z
atp,2025-06-16,P0N6,O. Paldanius,Oskari Paldanius,977,15,https://www.atptour.com/en/rankings/singles?dateWeek=2025-06-16&rankRange=0-5000,2026-03-22T00:41:33Z
atp,2025-06-16,D0I0,S. Dominko,Sebastian Dominko,978,15,https://www.atptour.com/en/rankings/singles?dateWeek=2025-06-16&rankRange=0-5000,2026-03-22T00:41:33Z
atp,2025-06-16,D0KU,M. Dedura-Palomero,Mariano Dedura Palomero,979,15,https://www.atptour.com/en/rankings/singles?dateWeek=2025-06-16&rankRange=0-5000,2026-03-22T00:41:33Z
atp,2025-06-16,P0KJ,D. Pham,Derek Pham,980,15,https://www.atptour.com/en/rankings/singles?dateWeek=2025-06-16&rankRange=0-5000,2026-03-22T00:41:33Z
atp,2025-06-16,S0RL,A. Safonov,Aristarkh Safonov,981,15,https://www.atptour.com/en/rankings/singles?dateWeek=2025-06-16&rankRange=0-5000,2026-03-22T00:41:33Z
atp,2025-06-16,G0I4,M. Gorokhov,Mikhail Gorokhov,982,15,https://www.atptour.com/en/rankings/singles?dateWeek=2025-06-16&rankRange=0-5000,2026-03-22T00:41:33Z
atp,2025-06-16,B0G9,A. Bronzetti,Alberto Bronzetti,983,15,https://www.atptour.com/en/rankings/singles?dateWeek=2025-06-16&rankRange=0-5000,2026-03-22T00:41:33Z
atp,2025-06-16,H0GW,M. Hopp,Michel Hopp,984,15,https://www.atptour.com/en/rankings/singles?dateWeek=2025-06-16&rankRange=0-5000,2026-03-22T00:41:33Z
atp,2025-06-16,F0BJ,A. Freire Da Silva,Adan Freire Da Silva,985,15,https://www.atptour.com/en/rankings/singles?dateWeek=2025-06-16&rankRange=0-5000,2026-03-22T00:41:33Z
atp,2025-06-16,B0MP,A. Boros,Attila Boros,986,15,https://www.atptour.com/en/rankings/singles?dateWeek=2025-06-16&rankRange=0-5000,2026-03-22T00:41:33Z
atp,2025-06-16,PH77,D. Poljak,David Poljak,987,15,https://www.atptour.com/en/rankings/singles?dateWeek=2025-06-16&rankRange=0-5000,2026-03-22T00:41:33Z
atp,2025-06-16,M0NO,M. Maksimovic,Marko Maksimovic,988,15,https://www.atptour.com/en/rankings/singles?dateWeek=2025-06-16&rankRange=0-5000,2026-03-22T00:41:33Z
atp,2025-06-16,L0GJ,M. Lipp,Mika Lipp,989,15,https://www.atptour.com/en/rankings/singles?dateWeek=2025-06-16&rankRange=0-5000,2026-03-22T00:41:33Z
atp,2025-06-16,G0LG,Y. Ghazouani Durand,Yanis Ghazouani Durand,990,15,https://www.atptour.com/en/rankings/singles?dateWeek=2025-06-16&rankRange=0-5000,2026-03-22T00:41:33Z
atp,2025-06-16,P0D4,B. Perez,Brandon Perez,991,15,https://www.atptour.com/en/rankings/singles?dateWeek=2025-06-16&rankRange=0-5000,2026-03-22T00:41:33Z
atp,2025-06-16,W0AJ,S. Watanabe,Seita Watanabe,992,14,https://www.atptour.com/en/rankings/singles?dateWeek=2025-06-16&rankRange=0-5000,2026-03-22T00:41:33Z
atp,2025-06-16,D0HX,D. Dietrich,Dylan Dietrich,993,14,https://www.atptour.com/en/rankings/singles?dateWeek=2025-06-16&rankRange=0-5000,2026-03-22T00:41:33Z
atp,2025-06-16,T0IL,K. Tyagi,Kriish Tyagi,994,14,https://www.atptour.com/en/rankings/singles?dateWeek=2025-06-16&rankRange=0-5000,2026-03-22T00:41:33Z
atp,2025-06-16,B0TK,P. Bastiaansen,Pepijn Bastiaansen,995,14,https://www.atptour.com/en/rankings/singles?dateWeek=2025-06-16&rankRange=0-5000,2026-03-22T00:41:33Z
atp,2025-06-16,TG77,P. Tsitsipas,Petros Tsitsipas,996,14,https://www.atptour.com/en/rankings/singles?dateWeek=2025-06-16&rankRange=0-5000,2026-03-22T00:41:33Z
atp,2025-06-16,P0BE,S. Pontjodikromo,Sidane Pontjodikromo,997,14,https://www.atptour.com/en/rankings/singles?dateWeek=2025-06-16&rankRange=0-5000,2026-03-22T00:41:33Z
atp,2025-06-16,K0JH,J. Kumstat,Jan Kumstat,998,14,https://www.atptour.com/en/rankings/singles?dateWeek=2025-06-16&rankRange=0-5000,2026-03-22T00:41:33Z
atp,2025-06-16,H0DQ,C. Hernandez,Carles Hernandez,999,14,https://www.atptour.com/en/rankings/singles?dateWeek=2025-06-16&rankRange=0-5000,2026-03-22T00:41:33Z
atp,2025-06-16,SY74,M. Sureshkumar,Manish Sureshkumar,1000,14,https://www.atptour.com/en/rankings/singles?dateWeek=2025-06-16&rankRange=0-5000,2026-03-22T00:41:33Z
atp,2025-06-16,P0IM,A. Pisaric,Aleksa Pisaric,1001,14,https://www.atptour.com/en/rankings/singles?dateWeek=2025-06-16&rankRange=0-5000,2026-03-22T00:41:33Z
atp,2025-06-16,DH35,M. De Vincentis,Matteo De Vincentis,1002,14,https://www.atptour.com/en/rankings/singles?dateWeek=2025-06-16&rankRange=0-5000,2026-03-22T00:41:33Z
atp,2025-06-16,VA48,S. Vishwakarma,Siddharth Vishwakarma,1003,14,https://www.atptour.com/en/rankings/singles?dateWeek=2025-06-16&rankRange=0-5000,2026-03-22T00:41:33Z
atp,2025-06-16,T0HS,P. Trochu,Pablo Trochu,1004,14,https://www.atptour.com/en/rankings/singles?dateWeek=2025-06-16&rankRange=0-5000,2026-03-22T00:41:33Z
atp,2025-06-16,M0SB,K. Matsuda,Koki Matsuda,1005,14,https://www.atptour.com/en/rankings/singles?dateWeek=2025-06-16&rankRange=0-5000,2026-03-22T00:41:33Z
atp,2025-06-16,F0HO,T. Faurel,Thomas Faurel,1006,14,https://www.atptour.com/en/rankings/singles?dateWeek=2025-06-16&rankRange=0-5000,2026-03-22T00:41:33Z
atp,2025-06-16,S0E4,J. Schlageter,Justin Schlageter,1007,14,https://www.atptour.com/en/rankings/singles?dateWeek=2025-06-16&rankRange=0-5000,2026-03-22T00:41:33Z
atp,2025-06-16,EA31,M. Efstathiou,Melios Efstathiou,1008,14,https://www.atptour.com/en/rankings/singles?dateWeek=2025-06-16&rankRange=0-5000,2026-03-22T00:41:33Z
atp,2025-06-16,BU78,F. Bass,Finn Bass,1009,14,https://www.atptour.com/en/rankings/singles?dateWeek=2025-06-16&rankRange=0-5000,2026-03-22T00:41:33Z
atp,2025-06-16,M0IC,G. Misasi,Giannicola Misasi,1010,14,https://www.atptour.com/en/rankings/singles?dateWeek=2025-06-16&rankRange=0-5000,2026-03-22T00:41:33Z
atp,2025-06-16,D0BE,J. Delaney,Jesse Delaney,1011,14,https://www.atptour.com/en/rankings/singles?dateWeek=2025-06-16&rankRange=0-5000,2026-03-22T00:41:33Z
atp,2025-06-16,B0G6,P. Brown,Preston Brown,1012,14,https://www.atptour.com/en/rankings/singles?dateWeek=2025-06-16&rankRange=0-5000,2026-03-22T00:41:33Z
atp,2025-06-16,MM66,N. Milojevic,Nikola Milojevic,1013,13,https://www.atptour.com/en/rankings/singles?dateWeek=2025-06-16&rankRange=0-5000,2026-03-22T00:41:33Z
atp,2025-06-16,M0UR,O. Milic,Ognjen Milic,1014,13,https://www.atptour.com/en/rankings/singles?dateWeek=2025-06-16&rankRange=0-5000,2026-03-22T00:41:33Z
atp,2025-06-16,W0AX,O. Weightman,Oscar Weightman,1017,13,https://www.atptour.com/en/rankings/singles?dateWeek=2025-06-16&rankRange=0-5000,2026-03-22T00:41:33Z
atp,2025-06-16,MM67,R. Matsumura,Ryotero Matsumura,1018,13,https://www.atptour.com/en/rankings/singles?dateWeek=2025-06-16&rankRange=0-5000,2026-03-22T00:41:33Z
atp,2025-06-16,W0DD,C. Williams,Cooper Williams,1019,13,https://www.atptour.com/en/rankings/singles?dateWeek=2025-06-16&rankRange=0-5000,2026-03-22T00:41:33Z
atp,2025-06-16,BK12,A. Bodmer,Adrian Bodmer,1020,13,https://www.atptour.com/en/rankings/singles?dateWeek=2025-06-16&rankRange=0-5000,2026-03-22T00:41:33Z
atp,2025-06-16,B0PU,R. Bennani,Reda Bennani,1021,13,https://www.atptour.com/en/rankings/singles?dateWeek=2025-06-16&rankRange=0-5000,2026-03-22T00:41:33Z
atp,2025-06-16,B0HY,I. Becroft,Isaac Becroft,1022,13,https://www.atptour.com/en/rankings/singles?dateWeek=2025-06-16&rankRange=0-5000,2026-03-22T00:41:33Z
atp,2025-06-16,J0CM,V. Jovic,Viktor Jovic,1023,13,https://www.atptour.com/en/rankings/singles?dateWeek=2025-06-16&rankRange=0-5000,2026-03-22T00:41:33Z
atp,2025-06-16,K0MX,E. Kohlmann De Freitas,Enzo Kohlmann De Freitas,1024,13,https://www.atptour.com/en/rankings/singles?dateWeek=2025-06-16&rankRange=0-5000,2026-03-22T00:41:33Z
atp,2025-06-16,V505,V. Vardhan,Vishnu Vardhan,1025,13,https://www.atptour.com/en/rankings/singles?dateWeek=2025-06-16&rankRange=0-5000,2026-03-22T00:41:33Z
atp,2025-06-16,K0ES,Y. Kusuhara,Yusuke Kusuhara,1028,13,https://www.atptour.com/en/rankings/singles?dateWeek=2025-06-16&rankRange=0-5000,2026-03-22T00:41:33Z
atp,2025-06-16,S1AR,S. Stankovic,Simeon Stankovic,1029,13,https://www.atptour.com/en/rankings/singles?dateWeek=2025-06-16&rankRange=0-5000,2026-03-22T00:41:33Z
atp,2025-06-16,M0I5,A. Mujakic,Alen Mujakic,1030,13,https://www.atptour.com/en/rankings/singles?dateWeek=2025-06-16&rankRange=0-5000,2026-03-22T00:41:33Z
atp,2025-06-16,M0D4,M. Fitriadi,M Rifki Fitriadi,1031,13,https://www.atptour.com/en/rankings/singles?dateWeek=2025-06-16&rankRange=0-5000,2026-03-22T00:41:33Z
atp,2025-06-16,KH41,P. Kaukovalta,Patrick Kaukovalta,1032,13,https://www.atptour.com/en/rankings/singles?dateWeek=2025-06-16&rankRange=0-5000,2026-03-22T00:41:33Z
atp,2025-06-16,C0KN,A. Casanova,Andrin Casanova,1033,13,https://www.atptour.com/en/rankings/singles?dateWeek=2025-06-16&rankRange=0-5000,2026-03-22T00:41:33Z
atp,2025-06-16,BU64,N. Bruna,Nicolas Bruna,1034,13,https://www.atptour.com/en/rankings/singles?dateWeek=2025-06-16&rankRange=0-5000,2026-03-22T00:41:33Z
atp,2025-06-16,M0ES,O. Moraing,Oscar Moraing,1035,13,https://www.atptour.com/en/rankings/singles?dateWeek=2025-06-16&rankRange=0-5000,2026-03-22T00:41:33Z
atp,2025-06-16,B0DJ,I. Beloborodko,Illya Beloborodko,1036,13,https://www.atptour.com/en/rankings/singles?dateWeek=2025-06-16&rankRange=0-5000,2026-03-22T00:41:33Z
atp,2025-06-16,L0G4,L. Lorusso,Lorenzo Lorusso,1037,13,https://www.atptour.com/en/rankings/singles?dateWeek=2025-06-16&rankRange=0-5000,2026-03-22T00:41:33Z
atp,2025-06-16,D0C3,Z. Dong,Zhenxiong Dong,1040,13,https://www.atptour.com/en/rankings/singles?dateWeek=2025-06-16&rankRange=0-5000,2026-03-22T00:41:33Z
atp,2025-06-16,H0I7,N. Hipfl,Nico Hipfl,1041,13,https://www.atptour.com/en/rankings/singles?dateWeek=2025-06-16&rankRange=0-5000,2026-03-22T00:41:33Z
atp,2025-06-16,R0KM,D. Rapagnetta,Daniele Rapagnetta,1042,13,https://www.atptour.com/en/rankings/singles?dateWeek=2025-06-16&rankRange=0-5000,2026-03-22T00:41:33Z
atp,2025-06-16,B0NF,V. Basel,Valentin Basel,1043,13,https://www.atptour.com/en/rankings/singles?dateWeek=2025-06-16&rankRange=0-5000,2026-03-22T00:41:33Z
atp,2025-06-16,M0IG,E. Monferrer,Ezequiel Monferrer,1044,13,https://www.atptour.com/en/rankings/singles?dateWeek=2025-06-16&rankRange=0-5000,2026-03-22T00:41:33Z
atp,2025-06-16,L733,Z. Li,Zhe Li,1045,12,https://www.atptour.com/en/rankings/singles?dateWeek=2025-06-16&rankRange=0-5000,2026-03-22T00:41:33Z
atp,2025-06-16,VA70,M. Valkusz,Mate Valkusz,1046,12,https://www.atptour.com/en/rankings/singles?dateWeek=2025-06-16&rankRange=0-5000,2026-03-22T00:41:33Z
atp,2025-06-16,B0C7,J. Barki,Justin Barki,1047,12,https://www.atptour.com/en/rankings/singles?dateWeek=2025-06-16&rankRange=0-5000,2026-03-22T00:41:33Z
atp,2025-06-16,KD35,T. Kwiatkowski,Thai Son Kwiatkowski,1048,12,https://www.atptour.com/en/rankings/singles?dateWeek=2025-06-16&rankRange=0-5000,2026-03-22T00:41:33Z
atp,2025-06-16,C0JV,L. Claverie,Lorenzo Claverie,1049,12,https://www.atptour.com/en/rankings/singles?dateWeek=2025-06-16&rankRange=0-5000,2026-03-22T00:41:33Z
atp,2025-06-16,B0QQ,K. Bennani,Karim Bennani,1050,12,https://www.atptour.com/en/rankings/singles?dateWeek=2025-06-16&rankRange=0-5000,2026-03-22T00:41:33Z
atp,2025-06-16,B0SW,T. Bieldiugin,Tymur Bieldiugin,1051,12,https://www.atptour.com/en/rankings/singles?dateWeek=2025-06-16&rankRange=0-5000,2026-03-22T00:41:33Z
atp,2025-06-16,P0K3,R. Pascual Ferra,Roger Pascual Ferra,1052,12,https://www.atptour.com/en/rankings/singles?dateWeek=2025-06-16&rankRange=0-5000,2026-03-22T00:41:33Z
atp,2025-06-16,D0J9,L. Deflandre,Leo Deflandre,1053,12,https://www.atptour.com/en/rankings/singles?dateWeek=2025-06-16&rankRange=0-5000,2026-03-22T00:41:33Z
atp,2025-06-16,S0UU,M. Shin,Maxim Shin,1054,12,https://www.atptour.com/en/rankings/singles?dateWeek=2025-06-16&rankRange=0-5000,2026-03-22T00:41:33Z
atp,2025-06-16,O0BR,D. Ostapenkov,Daniil Ostapenkov,1055,12,https://www.atptour.com/en/rankings/singles?dateWeek=2025-06-16&rankRange=0-5000,2026-03-22T00:41:33Z
atp,2025-06-16,J0DK,P. Jordan,Phillip Jordan,1056,12,https://www.atptour.com/en/rankings/singles?dateWeek=2025-06-16&rankRange=0-5000,2026-03-22T00:41:33Z
atp,2025-06-16,H0D1,A. Heinonen,Adam Heinonen,1057,12,https://www.atptour.com/en/rankings/singles?dateWeek=2025-06-16&rankRange=0-5000,2026-03-22T00:41:33Z
atp,2025-06-16,SF41,A. Setkic,Aldin Setkic,1058,12,https://www.atptour.com/en/rankings/singles?dateWeek=2025-06-16&rankRange=0-5000,2026-03-22T00:41:33Z
atp,2025-06-16,P0LN,M. Plunger,Manuel Plunger,1059,12,https://www.atptour.com/en/rankings/singles?dateWeek=2025-06-16&rankRange=0-5000,2026-03-22T00:41:33Z
atp,2025-06-16,FB59,F. Ferrari,Francesco Ferrari,1060,12,https://www.atptour.com/en/rankings/singles?dateWeek=2025-06-16&rankRange=0-5000,2026-03-22T00:41:33Z
atp,2025-06-16,C0O4,F. Cavallo,Fernando Cavallo,1061,12,https://www.atptour.com/en/rankings/singles?dateWeek=2025-06-16&rankRange=0-5000,2026-03-22T00:41:33Z
atp,2025-06-16,T0H5,B. Torrealba,Benjamin Torrealba,1062,12,https://www.atptour.com/en/rankings/singles?dateWeek=2025-06-16&rankRange=0-5000,2026-03-22T00:41:33Z
atp,2025-06-16,O0AX,G. Ortenzi,Gian Marco Ortenzi,1063,12,https://www.atptour.com/en/rankings/singles?dateWeek=2025-06-16&rankRange=0-5000,2026-03-22T00:41:33Z
atp,2025-06-16,N0BA,A. Nefve,Axel Nefve,1064,12,https://www.atptour.com/en/rankings/singles?dateWeek=2025-06-16&rankRange=0-5000,2026-03-22T00:41:33Z
atp,2025-06-16,B0PH,J. Bilardo,Jacopo Bilardo,1065,12,https://www.atptour.com/en/rankings/singles?dateWeek=2025-06-16&rankRange=0-5000,2026-03-22T00:41:33Z
atp,2025-06-16,C0GU,M. Cerny,Matyas Cerny,1066,12,https://www.atptour.com/en/rankings/singles?dateWeek=2025-06-16&rankRange=0-5000,2026-03-22T00:41:33Z
atp,2025-06-16,B0LS,A. Bonnaud,Arthur Bonnaud,1067,12,https://www.atptour.com/en/rankings/singles?dateWeek=2025-06-16&rankRange=0-5000,2026-03-22T00:41:33Z
atp,2025-06-16,P0IG,M. Pawelski,Martyn Pawelski,1068,12,https://www.atptour.com/en/rankings/singles?dateWeek=2025-06-16&rankRange=0-5000,2026-03-22T00:41:33Z
atp,2025-06-16,B0MR,E. Bynoe,Evan Bynoe,1069,12,https://www.atptour.com/en/rankings/singles?dateWeek=2025-06-16&rankRange=0-5000,2026-03-22T00:41:33Z
atp,2025-06-16,C0I5,C. Crowther,Corban Crowther,1070,12,https://www.atptour.com/en/rankings/singles?dateWeek=2025-06-16&rankRange=0-5000,2026-03-22T00:41:33Z
atp,2025-06-16,A0KQ,I. Almazan Valiente,Izan Almazan Valiente,1071,12,https://www.atptour.com/en/rankings/singles?dateWeek=2025-06-16&rankRange=0-5000,2026-03-22T00:41:33Z
atp,2025-06-16,SY50,N. Sinha,Nitin Kumar Sinha,1072,12,https://www.atptour.com/en/rankings/singles?dateWeek=2025-06-16&rankRange=0-5000,2026-03-22T00:41:33Z
atp,2025-06-16,V0F6,N. Villalon,Nicolas Villalon,1073,12,https://www.atptour.com/en/rankings/singles?dateWeek=2025-06-16&rankRange=0-5000,2026-03-22T00:41:33Z
atp,2025-06-16,BV08,B. Butulija,Boris Butulija,1074,12,https://www.atptour.com/en/rankings/singles?dateWeek=2025-06-16&rankRange=0-5000,2026-03-22T00:41:33Z
atp,2025-06-16,GC17,O. Gutierrez,Oscar Jose Gutierrez,1075,12,https://www.atptour.com/en/rankings/singles?dateWeek=2025-06-16&rankRange=0-5000,2026-03-22T00:41:33Z
atp,2025-06-16,K0LX,N. Kotzen,Nicolas Ian Kotzen,1076,11,https://www.atptour.com/en/rankings/singles?dateWeek=2025-06-16&rankRange=0-5000,2026-03-22T00:41:33Z
atp,2025-06-16,N0DY,F. Nidunjianzan,Fnu Nidunjianzan,1077,11,https://www.atptour.com/en/rankings/singles?dateWeek=2025-06-16&rankRange=0-5000,2026-03-22T00:41:33Z
atp,2025-06-16,C0FJ,A. Ciric,Aleksa Ciric,1078,11,https://www.atptour.com/en/rankings/singles?dateWeek=2025-06-16&rankRange=0-5000,2026-03-22T00:41:33Z
atp,2025-06-16,L0DK,J. Lapadat,Joshua Lapadat,1079,11,https://www.atptour.com/en/rankings/singles?dateWeek=2025-06-16&rankRange=0-5000,2026-03-22T00:41:33Z
atp,2025-06-16,P0MT,C. Papoe,Cezar Gabriel Papoe,1080,11,https://www.atptour.com/en/rankings/singles?dateWeek=2025-06-16&rankRange=0-5000,2026-03-22T00:41:33Z
atp,2025-06-16,B0CI,C. Bulus,Christopher Bulus,1081,11,https://www.atptour.com/en/rankings/singles?dateWeek=2025-06-16&rankRange=0-5000,2026-03-22T00:41:33Z
atp,2025-06-16,AF41,R. Agarwal,Rishab Agarwal,1084,11,https://www.atptour.com/en/rankings/singles?dateWeek=2025-06-16&rankRange=0-5000,2026-03-22T00:41:33Z
atp,2025-06-16,A0AN,C. Aksu,Cengiz Aksu,1085,11,https://www.atptour.com/en/rankings/singles?dateWeek=2025-06-16&rankRange=0-5000,2026-03-22T00:41:33Z
atp,2025-06-16,N0CT,S. Nakagawa,Shunsuke Nakagawa,1086,11,https://www.atptour.com/en/rankings/singles?dateWeek=2025-06-16&rankRange=0-5000,2026-03-22T00:41:33Z
atp,2025-06-16,W0AN,M. Welte,Milan Welte,1087,11,https://www.atptour.com/en/rankings/singles?dateWeek=2025-06-16&rankRange=0-5000,2026-03-22T00:41:33Z
atp,2025-06-16,T0JZ,R. Turcanu,Radu David Turcanu,1088,11,https://www.atptour.com/en/rankings/singles?dateWeek=2025-06-16&rankRange=0-5000,2026-03-22T00:41:33Z
atp,2025-06-16,B0PN,M. Bobichon,Matisse Bobichon,1089,11,https://www.atptour.com/en/rankings/singles?dateWeek=2025-06-16&rankRange=0-5000,2026-03-22T00:41:33Z
atp,2025-06-16,F0HU,A. Funk,Aaron Funk,1090,11,https://www.atptour.com/en/rankings/singles?dateWeek=2025-06-16&rankRange=0-5000,2026-03-22T00:41:33Z
atp,2025-06-16,F0HN,K. Filar,Karol Filar,1091,11,https://www.atptour.com/en/rankings/singles?dateWeek=2025-06-16&rankRange=0-5000,2026-03-22T00:41:33Z
atp,2025-06-16,H0CU,R. Hohmann,Ronald Hohmann,1092,11,https://www.atptour.com/en/rankings/singles?dateWeek=2025-06-16&rankRange=0-5000,2026-03-22T00:41:33Z
atp,2025-06-16,S0JV,Q. Sun,Qian Sun,1093,11,https://www.atptour.com/en/rankings/singles?dateWeek=2025-06-16&rankRange=0-5000,2026-03-22T00:41:33Z
atp,2025-06-16,W716,M. Whitehouse,Mark Whitehouse,1094,11,https://www.atptour.com/en/rankings/singles?dateWeek=2025-06-16&rankRange=0-5000,2026-03-22T00:41:33Z
atp,2025-06-16,R0LH,J. Ross,Jackson Ross,1095,11,https://www.atptour.com/en/rankings/singles?dateWeek=2025-06-16&rankRange=0-5000,2026-03-22T00:41:33Z
atp,2025-06-16,A0K4,M. Arseneault,Mikael Arseneault,1096,11,https://www.atptour.com/en/rankings/singles?dateWeek=2025-06-16&rankRange=0-5000,2026-03-22T00:41:33Z
atp,2025-06-16,LE38,N. Lootsma,Niels Lootsma,1097,11,https://www.atptour.com/en/rankings/singles?dateWeek=2025-06-16&rankRange=0-5000,2026-03-22T00:41:33Z
atp,2025-06-16,C0Q4,C. Chen,Charles Chen,1098,11,https://www.atptour.com/en/rankings/singles?dateWeek=2025-06-16&rankRange=0-5000,2026-03-22T00:41:33Z
atp,2025-06-16,B0G4,G. Bosio,Gabriele Bosio,1099,11,https://www.atptour.com/en/rankings/singles?dateWeek=2025-06-16&rankRange=0-5000,2026-03-22T00:41:33Z
atp,2025-06-16,S0JW,S. Sim,Sungbeen Sim,1100,11,https://www.atptour.com/en/rankings/singles?dateWeek=2025-06-16&rankRange=0-5000,2026-03-22T00:41:33Z
atp,2025-06-16,O09S,J. Otegui,Juan Bautista Otegui,1101,11,https://www.atptour.com/en/rankings/singles?dateWeek=2025-06-16&rankRange=0-5000,2026-03-22T00:41:33Z
atp,2025-06-16,P0O9,M. Petkovic,Mika Petkovic,1102,11,https://www.atptour.com/en/rankings/singles?dateWeek=2025-06-16&rankRange=0-5000,2026-03-22T00:41:33Z
atp,2025-06-16,R0DP,S. Ryan Ziegann,Sam Ryan Ziegann,1103,11,https://www.atptour.com/en/rankings/singles?dateWeek=2025-06-16&rankRange=0-5000,2026-03-22T00:41:33Z
atp,2025-06-16,F0E4,L. Fantini,Luca Fantini,1104,11,https://www.atptour.com/en/rankings/singles?dateWeek=2025-06-16&rankRange=0-5000,2026-03-22T00:41:33Z
atp,2025-06-16,N0FH,Y. Nandal,Yuvan Nandal,1105,11,https://www.atptour.com/en/rankings/singles?dateWeek=2025-06-16&rankRange=0-5000,2026-03-22T00:41:33Z
atp,2025-06-16,L949,H. Laaksonen,Henri Laaksonen,1108,10,https://www.atptour.com/en/rankings/singles?dateWeek=2025-06-16&rankRange=0-5000,2026-03-22T00:41:33Z
atp,2025-06-16,O0BI,C. Overbeck,Carl Emil Overbeck,1109,10,https://www.atptour.com/en/rankings/singles?dateWeek=2025-06-16&rankRange=0-5000,2026-03-22T00:41:33Z
atp,2025-06-16,D0FA,Y. Dlimi,Yassine Dlimi,1112,10,https://www.atptour.com/en/rankings/singles?dateWeek=2025-06-16&rankRange=0-5000,2026-03-22T00:41:33Z
atp,2025-06-16,I327,G. Iradukunda,Guy Orly Iradukunda,1113,10,https://www.atptour.com/en/rankings/singles?dateWeek=2025-06-16&rankRange=0-5000,2026-03-22T00:41:33Z
atp,2025-06-16,D0FN,C. Dong,Chen Dong,1116,10,https://www.atptour.com/en/rankings/singles?dateWeek=2025-06-16&rankRange=0-5000,2026-03-22T00:41:33Z
atp,2025-06-16,Z0BY,N. Zanellato,Nicolas Zanellato,1117,10,https://www.atptour.com/en/rankings/singles?dateWeek=2025-06-16&rankRange=0-5000,2026-03-22T00:41:33Z
atp,2025-06-16,K0I7,M. Kamrowski,Marcel Kamrowski,1118,10,https://www.atptour.com/en/rankings/singles?dateWeek=2025-06-16&rankRange=0-5000,2026-03-22T00:41:33Z
atp,2025-06-16,RH45,T. Ruehl,Tim Ruehl,1119,10,https://www.atptour.com/en/rankings/singles?dateWeek=2025-06-16&rankRange=0-5000,2026-03-22T00:41:33Z
atp,2025-06-16,D0JM,R. De Alba,Rafael De Alba,1120,10,https://www.atptour.com/en/rankings/singles?dateWeek=2025-06-16&rankRange=0-5000,2026-03-22T00:41:33Z
atp,2025-06-16,S0MJ,T. Suksumrarn,Thantub Suksumrarn,1121,10,https://www.atptour.com/en/rankings/singles?dateWeek=2025-06-16&rankRange=0-5000,2026-03-22T00:41:33Z
atp,2025-06-16,V0E3,J. Von Der Schulenburg,Jeffrey Von Der Schulenburg,1122,10,https://www.atptour.com/en/rankings/singles?dateWeek=2025-06-16&rankRange=0-5000,2026-03-22T00:41:33Z
atp,2025-06-16,W09T,L. Wiedenmann,Luca Wiedenmann,1123,10,https://www.atptour.com/en/rankings/singles?dateWeek=2025-06-16&rankRange=0-5000,2026-03-22T00:41:33Z
atp,2025-06-16,B0JF,A. Bojarski,Alan Bojarski,1126,10,https://www.atptour.com/en/rankings/singles?dateWeek=2025-06-16&rankRange=0-5000,2026-03-22T00:41:33Z
atp,2025-06-16,I09U,R. Izquierdo Luque,Rafael Izquierdo Luque,1127,10,https://www.atptour.com/en/rankings/singles?dateWeek=2025-06-16&rankRange=0-5000,2026-03-22T00:41:33Z
atp,2025-06-16,G0B7,J. Gschwendtner,Jeremy Gschwendtner,1128,10,https://www.atptour.com/en/rankings/singles?dateWeek=2025-06-16&rankRange=0-5000,2026-03-22T00:41:33Z
atp,2025-06-16,VA31,S. Vujic,Stefan Vujic,1129,10,https://www.atptour.com/en/rankings/singles?dateWeek=2025-06-16&rankRange=0-5000,2026-03-22T00:41:33Z
atp,2025-06-16,J0D5,H. Jones,Hayden Jones,1130,10,https://www.atptour.com/en/rankings/singles?dateWeek=2025-06-16&rankRange=0-5000,2026-03-22T00:41:33Z
atp,2025-06-16,H0HU,S. Heredia,Samuel Heredia,1133,10,https://www.atptour.com/en/rankings/singles?dateWeek=2025-06-16&rankRange=0-5000,2026-03-22T00:41:33Z
atp,2025-06-16,C0B9,K. Cekirge,Kuzey Cekirge,1134,10,https://www.atptour.com/en/rankings/singles?dateWeek=2025-06-16&rankRange=0-5000,2026-03-22T00:41:33Z
atp,2025-06-16,L0BU,H. Liu,Hanyi Liu,1135,10,https://www.atptour.com/en/rankings/singles?dateWeek=2025-06-16&rankRange=0-5000,2026-03-22T00:41:33Z
atp,2025-06-16,PM20,H. Pierre,Hugo Pierre,1136,10,https://www.atptour.com/en/rankings/singles?dateWeek=2025-06-16&rankRange=0-5000,2026-03-22T00:41:33Z
atp,2025-06-16,H0GC,A. Habib,Ali Habib,1137,10,https://www.atptour.com/en/rankings/singles?dateWeek=2025-06-16&rankRange=0-5000,2026-03-22T00:41:33Z
atp,2025-06-16,O498,I. Okamura,Issei Okamura,1138,10,https://www.atptour.com/en/rankings/singles?dateWeek=2025-06-16&rankRange=0-5000,2026-03-22T00:41:33Z
atp,2025-06-16,C0GG,K. Chopra,Keshav Chopra,1139,10,https://www.atptour.com/en/rankings/singles?dateWeek=2025-06-16&rankRange=0-5000,2026-03-22T00:41:33Z
atp,2025-06-16,T0GE,P. Tsitsipas,Pavlos Tsitsipas,1140,10,https://www.atptour.com/en/rankings/singles?dateWeek=2025-06-16&rankRange=0-5000,2026-03-22T00:41:33Z
atp,2025-06-16,V0F7,C. Van Schalkwyk,Connor Henry Van Schalkwyk,1141,9,https://www.atptour.com/en/rankings/singles?dateWeek=2025-06-16&rankRange=0-5000,2026-03-22T00:41:33Z
atp,2025-06-16,B0PY,P. Barbier Gazeu,Paul Barbier Gazeu,1142,9,https://www.atptour.com/en/rankings/singles?dateWeek=2025-06-16&rankRange=0-5000,2026-03-22T00:41:33Z
atp,2025-06-16,FC26,E. Furness,Evan Furness,1143,9,https://www.atptour.com/en/rankings/singles?dateWeek=2025-06-16&rankRange=0-5000,2026-03-22T00:41:33Z
atp,2025-06-16,A0G9,V. Ahti,Vesa Ahti,1144,9,https://www.atptour.com/en/rankings/singles?dateWeek=2025-06-16&rankRange=0-5000,2026-03-22T00:41:33Z
atp,2025-06-16,H0C9,A. Huertas Del Pino Cordova,Arklon Huertas Del Pino Cordova,1145,9,https://www.atptour.com/en/rankings/singles?dateWeek=2025-06-16&rankRange=0-5000,2026-03-22T00:41:33Z
atp,2025-06-16,O0E1,Y. Oki,Yuto Oki,1148,9,https://www.atptour.com/en/rankings/singles?dateWeek=2025-06-16&rankRange=0-5000,2026-03-22T00:41:33Z
atp,2025-06-16,DH53,V. Dancu,Vlad Andrei Dancu,1149,9,https://www.atptour.com/en/rankings/singles?dateWeek=2025-06-16&rankRange=0-5000,2026-03-22T00:41:33Z
atp,2025-06-16,T0HM,V. Tonejc,Vito Tonejc,1152,9,https://www.atptour.com/en/rankings/singles?dateWeek=2025-06-16&rankRange=0-5000,2026-03-22T00:41:33Z
atp,2025-06-16,V0E0,P. Verbin,Pavel Verbin,1153,9,https://www.atptour.com/en/rankings/singles?dateWeek=2025-06-16&rankRange=0-5000,2026-03-22T00:41:33Z
atp,2025-06-16,H0I8,G. Hornung,Gabor Hornung,1154,9,https://www.atptour.com/en/rankings/singles?dateWeek=2025-06-16&rankRange=0-5000,2026-03-22T00:41:33Z
atp,2025-06-16,D0IN,R. Dickerson,Ryan Dickerson,1155,9,https://www.atptour.com/en/rankings/singles?dateWeek=2025-06-16&rankRange=0-5000,2026-03-22T00:41:33Z
atp,2025-06-16,S0VU,M. Schoenhaus,Max Schoenhaus,1159,9,https://www.atptour.com/en/rankings/singles?dateWeek=2025-06-16&rankRange=0-5000,2026-03-22T00:41:33Z
atp,2025-06-16,K0MI,V. Kopeikin,Valentin Kopeikin,1160,9,https://www.atptour.com/en/rankings/singles?dateWeek=2025-06-16&rankRange=0-5000,2026-03-22T00:41:33Z
atp,2025-06-16,O664,M. Ochi,Makoto Ochi,1161,9,https://www.atptour.com/en/rankings/singles?dateWeek=2025-06-16&rankRange=0-5000,2026-03-22T00:41:33Z
atp,2025-06-16,F0FH,D. Fix,David Fix,1162,9,https://www.atptour.com/en/rankings/singles?dateWeek=2025-06-16&rankRange=0-5000,2026-03-22T00:41:33Z
atp,2025-06-16,P0MS,R. Pieleanu,Rares Teodor Pieleanu,1163,9,https://www.atptour.com/en/rankings/singles?dateWeek=2025-06-16&rankRange=0-5000,2026-03-22T00:41:33Z
atp,2025-06-16,C0PK,X. Chen,Xing Dao Chen,1164,9,https://www.atptour.com/en/rankings/singles?dateWeek=2025-06-16&rankRange=0-5000,2026-03-22T00:41:33Z
atp,2025-06-16,SZ32,F. Salle,Fabien Salle,1165,9,https://www.atptour.com/en/rankings/singles?dateWeek=2025-06-16&rankRange=0-5000,2026-03-22T00:41:33Z
atp,2025-06-16,M0N4,L. Malgaroli,Leonardo Malgaroli,1166,9,https://www.atptour.com/en/rankings/singles?dateWeek=2025-06-16&rankRange=0-5000,2026-03-22T00:41:33Z
atp,2025-06-16,P0J3,A. Petrov,Alexander Petrov,1169,9,https://www.atptour.com/en/rankings/singles?dateWeek=2025-06-16&rankRange=0-5000,2026-03-22T00:41:33Z
atp,2025-06-16,S0NY,G. Saritas,Gokberk Saritas,1170,9,https://www.atptour.com/en/rankings/singles?dateWeek=2025-06-16&rankRange=0-5000,2026-03-22T00:41:33Z
atp,2025-06-16,MN49,M. Makhlouf,Mohamed Nazim Makhlouf,1171,9,https://www.atptour.com/en/rankings/singles?dateWeek=2025-06-16&rankRange=0-5000,2026-03-22T00:41:33Z
atp,2025-06-16,G0JJ,S. Gorzny,Sebastian Gorzny,1172,8,https://www.atptour.com/en/rankings/singles?dateWeek=2025-06-16&rankRange=0-5000,2026-03-22T00:41:33Z
atp,2025-06-16,P0JL,L. Pow,Luca Pow,1175,8,https://www.atptour.com/en/rankings/singles?dateWeek=2025-06-16&rankRange=0-5000,2026-03-22T00:41:33Z
atp,2025-06-16,B0T6,T. Boogaard,Thijs Boogaard,1176,8,https://www.atptour.com/en/rankings/singles?dateWeek=2025-06-16&rankRange=0-5000,2026-03-22T00:41:33Z
atp,2025-06-16,M0XA,M. Martinez Serrano,Mario Martinez Serrano,1177,8,https://www.atptour.com/en/rankings/singles?dateWeek=2025-06-16&rankRange=0-5000,2026-03-22T00:41:33Z
atp,2025-06-16,S0AR,T. Stodder,Timo Stodder,1178,8,https://www.atptour.com/en/rankings/singles?dateWeek=2025-06-16&rankRange=0-5000,2026-03-22T00:41:33Z
atp,2025-06-16,DG97,A. Dubrivnyy,Artem Dubrivnyy,1179,8,https://www.atptour.com/en/rankings/singles?dateWeek=2025-06-16&rankRange=0-5000,2026-03-22T00:41:33Z
atp,2025-06-16,R0K9,C. Robertson,Charlie Robertson,1180,8,https://www.atptour.com/en/rankings/singles?dateWeek=2025-06-16&rankRange=0-5000,2026-03-22T00:41:33Z
atp,2025-06-16,K0NP,J. Kennedy,Jack Kennedy,1181,8,https://www.atptour.com/en/rankings/singles?dateWeek=2025-06-16&rankRange=0-5000,2026-03-22T00:41:33Z
atp,2025-06-16,B0M0,L. Branger,Liam Branger,1182,8,https://www.atptour.com/en/rankings/singles?dateWeek=2025-06-16&rankRange=0-5000,2026-03-22T00:41:33Z
atp,2025-06-16,T0K1,R. Tabata,Ryo Tabata,1183,8,https://www.atptour.com/en/rankings/singles?dateWeek=2025-06-16&rankRange=0-5000,2026-03-22T00:41:33Z
atp,2025-06-16,W0FH,B. Willwerth,Benjamin Willwerth,1184,8,https://www.atptour.com/en/rankings/singles?dateWeek=2025-06-16&rankRange=0-5000,2026-03-22T00:41:33Z
atp,2025-06-16,J0CT,W. Jansen,William Jansen,1185,8,https://www.atptour.com/en/rankings/singles?dateWeek=2025-06-16&rankRange=0-5000,2026-03-22T00:41:33Z
atp,2025-06-16,R0EK,N. Rodrigues,Natan Rodrigues,1186,8,https://www.atptour.com/en/rankings/singles?dateWeek=2025-06-16&rankRange=0-5000,2026-03-22T00:41:33Z
atp,2025-06-16,TG46,R. Tanuma,Ryota Tanuma,1187,8,https://www.atptour.com/en/rankings/singles?dateWeek=2025-06-16&rankRange=0-5000,2026-03-22T00:41:33Z
atp,2025-06-16,V0CG,A. Vincent,Antoine Vincent,1188,8,https://www.atptour.com/en/rankings/singles?dateWeek=2025-06-16&rankRange=0-5000,2026-03-22T00:41:33Z
atp,2025-06-16,H0AG,R. Ho,Ray Ho,1189,8,https://www.atptour.com/en/rankings/singles?dateWeek=2025-06-16&rankRange=0-5000,2026-03-22T00:41:33Z
atp,2025-06-16,B0H9,A. Berger,Antoine Berger,1190,8,https://www.atptour.com/en/rankings/singles?dateWeek=2025-06-16&rankRange=0-5000,2026-03-22T00:41:33Z
atp,2025-06-16,S0ZF,K. Szymkowiak,Kacper Szymkowiak,1191,8,https://www.atptour.com/en/rankings/singles?dateWeek=2025-06-16&rankRange=0-5000,2026-03-22T00:41:33Z
atp,2025-06-16,D0FY,T. Deschamps,Thomas Deschamps,1192,8,https://www.atptour.com/en/rankings/singles?dateWeek=2025-06-16&rankRange=0-5000,2026-03-22T00:41:33Z
atp,2025-06-16,L0LD,S. Linde Palacios,Samuel Alejandro Linde Palacios,1193,8,https://www.atptour.com/en/rankings/singles?dateWeek=2025-06-16&rankRange=0-5000,2026-03-22T00:41:33Z
atp,2025-06-16,K0HE,I. Kountourakis,Ioannis Kountourakis,1194,8,https://www.atptour.com/en/rankings/singles?dateWeek=2025-06-16&rankRange=0-5000,2026-03-22T00:41:33Z
atp,2025-06-16,L0EV,V. Lapalu,Valentin Lapalu,1195,8,https://www.atptour.com/en/rankings/singles?dateWeek=2025-06-16&rankRange=0-5000,2026-03-22T00:41:33Z
atp,2025-06-16,S0AO,L. Simkiss,Luke Simkiss,1196,8,https://www.atptour.com/en/rankings/singles?dateWeek=2025-06-16&rankRange=0-5000,2026-03-22T00:41:33Z
atp,2025-06-16,Z0DA,C. Zarate,Carlos Maria Zarate,1197,8,https://www.atptour.com/en/rankings/singles?dateWeek=2025-06-16&rankRange=0-5000,2026-03-22T00:41:33Z
atp,2025-06-16,B0C4,C. Bertimon,Charles Bertimon,1198,8,https://www.atptour.com/en/rankings/singles?dateWeek=2025-06-16&rankRange=0-5000,2026-03-22T00:41:33Z
atp,2025-06-16,J0CW,Y. Jang,Yunseok Jang,1199,8,https://www.atptour.com/en/rankings/singles?dateWeek=2025-06-16&rankRange=0-5000,2026-03-22T00:41:33Z
atp,2025-06-16,T0DN,N. Thurner,Noah Thurner,1202,8,https://www.atptour.com/en/rankings/singles?dateWeek=2025-06-16&rankRange=0-5000,2026-03-22T00:41:33Z
atp,2025-06-16,C0NI,A. Chayka,Aleksander Chayka,1203,8,https://www.atptour.com/en/rankings/singles?dateWeek=2025-06-16&rankRange=0-5000,2026-03-22T00:41:33Z
atp,2025-06-16,T0FH,A. Turriziani Alvarez,Alejandro Turriziani Alvarez,1204,8,https://www.atptour.com/en/rankings/singles?dateWeek=2025-06-16&rankRange=0-5000,2026-03-22T00:41:33Z
atp,2025-06-16,J09J,Y. Jeong,Yeong Seok Jeong,1205,8,https://www.atptour.com/en/rankings/singles?dateWeek=2025-06-16&rankRange=0-5000,2026-03-22T00:41:33Z
atp,2025-06-16,D09V,I. Denisov,Ivan Denisov,1206,8,https://www.atptour.com/en/rankings/singles?dateWeek=2025-06-16&rankRange=0-5000,2026-03-22T00:41:33Z
atp,2025-06-16,I416,Y. Inui,Yuichiro Inui,1207,8,https://www.atptour.com/en/rankings/singles?dateWeek=2025-06-16&rankRange=0-5000,2026-03-22T00:41:33Z
atp,2025-06-16,R0EW,L. Rivera,Leyton Rivera,1208,8,https://www.atptour.com/en/rankings/singles?dateWeek=2025-06-16&rankRange=0-5000,2026-03-22T00:41:33Z
atp,2025-06-16,S1AP,T. Stringer,Tristan Stringer,1209,8,https://www.atptour.com/en/rankings/singles?dateWeek=2025-06-16&rankRange=0-5000,2026-03-22T00:41:33Z
atp,2025-06-16,T0AF,F. Tenti,Fermin Tenti,1210,7,https://www.atptour.com/en/rankings/singles?dateWeek=2025-06-16&rankRange=0-5000,2026-03-22T00:41:33Z
atp,2025-06-16,A0LQ,A. Arcila,Alejandro Arcila,1211,7,https://www.atptour.com/en/rankings/singles?dateWeek=2025-06-16&rankRange=0-5000,2026-03-22T00:41:33Z
atp,2025-06-16,S0WK,C. Stirbu,Calin Teodor Stirbu,1212,7,https://www.atptour.com/en/rankings/singles?dateWeek=2025-06-16&rankRange=0-5000,2026-03-22T00:41:33Z
atp,2025-06-16,S0U0,J. Sarr,Jelani Sarr,1213,7,https://www.atptour.com/en/rankings/singles?dateWeek=2025-06-16&rankRange=0-5000,2026-03-22T00:41:33Z
atp,2025-06-16,K0GA,I. Kudriashov,Igor Kudriashov,1216,7,https://www.atptour.com/en/rankings/singles?dateWeek=2025-06-16&rankRange=0-5000,2026-03-22T00:41:33Z
atp,2025-06-16,S0JY,A. Spadola,Alessandro Spadola,1219,7,https://www.atptour.com/en/rankings/singles?dateWeek=2025-06-16&rankRange=0-5000,2026-03-22T00:41:33Z
atp,2025-06-16,PM28,J. Peck,Joshua Peck,1224,7,https://www.atptour.com/en/rankings/singles?dateWeek=2025-06-16&rankRange=0-5000,2026-03-22T00:41:33Z
atp,2025-06-16,V0HM,G. Vulpitta,Gabriele Vulpitta,1225,7,https://www.atptour.com/en/rankings/singles?dateWeek=2025-06-16&rankRange=0-5000,2026-03-22T00:41:33Z
atp,2025-06-16,S0KG,N. Slavic,Nikola Slavic,1226,7,https://www.atptour.com/en/rankings/singles?dateWeek=2025-06-16&rankRange=0-5000,2026-03-22T00:41:33Z
atp,2025-06-16,S0GM,D. Salazar,Daniel Salazar,1227,7,https://www.atptour.com/en/rankings/singles?dateWeek=2025-06-16&rankRange=0-5000,2026-03-22T00:41:33Z
atp,2025-06-16,P0GF,S. Pel,Stijn Pel,1228,7,https://www.atptour.com/en/rankings/singles?dateWeek=2025-06-16&rankRange=0-5000,2026-03-22T00:41:33Z
atp,2025-06-16,C0H5,J. Cundom,Julian Cundom,1229,7,https://www.atptour.com/en/rankings/singles?dateWeek=2025-06-16&rankRange=0-5000,2026-03-22T00:41:33Z
atp,2025-06-16,K0JS,P. Kumar,Pranav Kumar,1230,7,https://www.atptour.com/en/rankings/singles?dateWeek=2025-06-16&rankRange=0-5000,2026-03-22T00:41:33Z
atp,2025-06-16,C0LG,M. Castañeda,Mateo Castañeda,1231,7,https://www.atptour.com/en/rankings/singles?dateWeek=2025-06-16&rankRange=0-5000,2026-03-22T00:41:33Z
atp,2025-06-16,PL69,K. Pearson,Kody Pearson,1232,7,https://www.atptour.com/en/rankings/singles?dateWeek=2025-06-16&rankRange=0-5000,2026-03-22T00:41:33Z
atp,2025-06-16,L0GA,T. Lanik,Tomas Lanik,1233,7,https://www.atptour.com/en/rankings/singles?dateWeek=2025-06-16&rankRange=0-5000,2026-03-22T00:41:33Z
atp,2025-06-16,F0HR,I. Forcano Aparicio,Ignasi Forcano Aparicio,1234,7,https://www.atptour.com/en/rankings/singles?dateWeek=2025-06-16&rankRange=0-5000,2026-03-22T00:41:33Z
atp,2025-06-16,S09B,M. Scaglia,Mathieu Scaglia,1235,7,https://www.atptour.com/en/rankings/singles?dateWeek=2025-06-16&rankRange=0-5000,2026-03-22T00:41:33Z
atp,2025-06-16,N0F3,L. Namigandet Tenguere,Loic Namigandet Tenguere,1236,7,https://www.atptour.com/en/rankings/singles?dateWeek=2025-06-16&rankRange=0-5000,2026-03-22T00:41:33Z
atp,2025-06-16,P0MF,S. Park,Seungmin Park,1237,7,https://www.atptour.com/en/rankings/singles?dateWeek=2025-06-16&rankRange=0-5000,2026-03-22T00:41:33Z
atp,2025-06-16,L0KR,M. Lazaro Juncadella,Manel Lazaro Juncadella,1238,7,https://www.atptour.com/en/rankings/singles?dateWeek=2025-06-16&rankRange=0-5000,2026-03-22T00:41:33Z
atp,2025-06-16,RB00,R. Rodriguez - Pace,Ricardo Rodriguez Pace,1239,7,https://www.atptour.com/en/rankings/singles?dateWeek=2025-06-16&rankRange=0-5000,2026-03-22T00:41:33Z
atp,2025-06-16,S0W4,L. Sciahbasi,Lorenzo Sciahbasi,1240,7,https://www.atptour.com/en/rankings/singles?dateWeek=2025-06-16&rankRange=0-5000,2026-03-22T00:41:33Z
atp,2025-06-16,S0KH,J. Schifris,Jeremy Schifris,1241,7,https://www.atptour.com/en/rankings/singles?dateWeek=2025-06-16&rankRange=0-5000,2026-03-22T00:41:33Z
atp,2025-06-16,J0AK,Y. Jin,Yuquan Jin,1242,7,https://www.atptour.com/en/rankings/singles?dateWeek=2025-06-16&rankRange=0-5000,2026-03-22T00:41:33Z
atp,2025-06-16,L0KA,K. Lee,Karl Kazuma Lee,1245,6,https://www.atptour.com/en/rankings/singles?dateWeek=2025-06-16&rankRange=0-5000,2026-03-22T00:41:33Z
atp,2025-06-16,C0RC,H. Coquelin,Hugo Coquelin,1246,6,https://www.atptour.com/en/rankings/singles?dateWeek=2025-06-16&rankRange=0-5000,2026-03-22T00:41:33Z
atp,2025-06-16,L0MB,J. Leach,Jagger Leach,1247,6,https://www.atptour.com/en/rankings/singles?dateWeek=2025-06-16&rankRange=0-5000,2026-03-22T00:41:33Z
atp,2025-06-16,PD07,V. Pospisil,Vasek Pospisil,1248,6,https://www.atptour.com/en/rankings/singles?dateWeek=2025-06-16&rankRange=0-5000,2026-03-22T00:41:33Z
atp,2025-06-16,S0F4,D. Salvestre,Damien Salvestre,1249,6,https://www.atptour.com/en/rankings/singles?dateWeek=2025-06-16&rankRange=0-5000,2026-03-22T00:41:33Z
atp,2025-06-16,MR77,C. Meng,Cing Yang Meng,1250,6,https://www.atptour.com/en/rankings/singles?dateWeek=2025-06-16&rankRange=0-5000,2026-03-22T00:41:33Z
atp,2025-06-16,M0NJ,L. Maxted,Lui Maxted,1253,6,https://www.atptour.com/en/rankings/singles?dateWeek=2025-06-16&rankRange=0-5000,2026-03-22T00:41:33Z
atp,2025-06-16,E0CF,G. Elicha Navas,Gabriel Elicha Navas,1254,6,https://www.atptour.com/en/rankings/singles?dateWeek=2025-06-16&rankRange=0-5000,2026-03-22T00:41:33Z
atp,2025-06-16,DB93,M. Descotte,Matias Franco Descotte,1255,6,https://www.atptour.com/en/rankings/singles?dateWeek=2025-06-16&rankRange=0-5000,2026-03-22T00:41:33Z
atp,2025-06-16,N0AF,A. Nordquist,Arvid Nordquist,1262,6,https://www.atptour.com/en/rankings/singles?dateWeek=2025-06-16&rankRange=0-5000,2026-03-22T00:41:33Z
atp,2025-06-16,M0QV,J. Morandais,Jean Christian Morandais,1263,6,https://www.atptour.com/en/rankings/singles?dateWeek=2025-06-16&rankRange=0-5000,2026-03-22T00:41:33Z
atp,2025-06-16,K0H9,R. Kis Balazs,Rafael Kis Balazs,1264,6,https://www.atptour.com/en/rankings/singles?dateWeek=2025-06-16&rankRange=0-5000,2026-03-22T00:41:33Z
atp,2025-06-16,K0BI,B. Kumaran,Bharath Nishok Kumaran,1265,6,https://www.atptour.com/en/rankings/singles?dateWeek=2025-06-16&rankRange=0-5000,2026-03-22T00:41:33Z
atp,2025-06-16,T0FK,G. Tabacco,Giorgio Tabacco,1266,6,https://www.atptour.com/en/rankings/singles?dateWeek=2025-06-16&rankRange=0-5000,2026-03-22T00:41:33Z
atp,2025-06-16,B0A2,S. Banthia,Siddhant Banthia,1274,6,https://www.atptour.com/en/rankings/singles?dateWeek=2025-06-16&rankRange=0-5000,2026-03-22T00:41:33Z
atp,2025-06-16,T0IX,Y. Taka,Yua Taka,1275,6,https://www.atptour.com/en/rankings/singles?dateWeek=2025-06-16&rankRange=0-5000,2026-03-22T00:41:33Z
atp,2025-06-16,T0CH,R. Tosetto,Rafael Tosetto,1276,6,https://www.atptour.com/en/rankings/singles?dateWeek=2025-06-16&rankRange=0-5000,2026-03-22T00:41:33Z
atp,2025-06-16,P0M4,D. Petak,Denis Petak,1277,6,https://www.atptour.com/en/rankings/singles?dateWeek=2025-06-16&rankRange=0-5000,2026-03-22T00:41:33Z
atp,2025-06-16,W719,M. Walters,Marcus Walters,1281,6,https://www.atptour.com/en/rankings/singles?dateWeek=2025-06-16&rankRange=0-5000,2026-03-22T00:41:33Z
atp,2025-06-16,G0EN,T. Genier,Tanguy Genier,1282,6,https://www.atptour.com/en/rankings/singles?dateWeek=2025-06-16&rankRange=0-5000,2026-03-22T00:41:33Z
atp,2025-06-16,O0CY,P. Oplustil,Patrik Oplustil,1283,6,https://www.atptour.com/en/rankings/singles?dateWeek=2025-06-16&rankRange=0-5000,2026-03-22T00:41:33Z
atp,2025-06-16,V948,D. Van Orderlain,Drew Van Orderlain,1289,6,https://www.atptour.com/en/rankings/singles?dateWeek=2025-06-16&rankRange=0-5000,2026-03-22T00:41:33Z
atp,2025-06-16,M0N2,R. Michalik,Radovan Michalik,1290,6,https://www.atptour.com/en/rankings/singles?dateWeek=2025-06-16&rankRange=0-5000,2026-03-22T00:41:33Z
atp,2025-06-16,KE85,K. Kawachi,Kazuma Kawachi,1291,6,https://www.atptour.com/en/rankings/singles?dateWeek=2025-06-16&rankRange=0-5000,2026-03-22T00:41:33Z
atp,2025-06-16,BM09,L. Bataljin,Lawrence Bataljin,1296,6,https://www.atptour.com/en/rankings/singles?dateWeek=2025-06-16&rankRange=0-5000,2026-03-22T00:41:33Z
atp,2025-06-16,C0H9,C. Chaiyarin,Credit Chaiyarin,1297,6,https://www.atptour.com/en/rankings/singles?dateWeek=2025-06-16&rankRange=0-5000,2026-03-22T00:41:33Z
atp,2025-06-16,P0IU,L. Pinto,Lucca Pinto,1298,6,https://www.atptour.com/en/rankings/singles?dateWeek=2025-06-16&rankRange=0-5000,2026-03-22T00:41:33Z
atp,2025-06-16,I0B3,K. Ibrahim,Karim Ibrahim,1299,6,https://www.atptour.com/en/rankings/singles?dateWeek=2025-06-16&rankRange=0-5000,2026-03-22T00:41:33Z
atp,2025-06-16,H0GJ,S. Hess,Sean Hess,1300,6,https://www.atptour.com/en/rankings/singles?dateWeek=2025-06-16&rankRange=0-5000,2026-03-22T00:41:33Z
atp,2025-06-16,E678,J. Eysseric,Jonathan Eysseric,1301,5,https://www.atptour.com/en/rankings/singles?dateWeek=2025-06-16&rankRange=0-5000,2026-03-22T00:41:33Z
atp,2025-06-16,G983,A. Giannessi,Alessandro Giannessi,1307,5,https://www.atptour.com/en/rankings/singles?dateWeek=2025-06-16&rankRange=0-5000,2026-03-22T00:41:33Z
atp,2025-06-16,PM12,N. Parizzia,Nicolas Parizzia,1311,5,https://www.atptour.com/en/rankings/singles?dateWeek=2025-06-16&rankRange=0-5000,2026-03-22T00:41:33Z
atp,2025-06-16,H0DW,H. Hoeyeraal,Herman Hoeyeraal,1312,5,https://www.atptour.com/en/rankings/singles?dateWeek=2025-06-16&rankRange=0-5000,2026-03-22T00:41:33Z
atp,2025-06-16,W816,A. Walch,Antoine Walch,1313,5,https://www.atptour.com/en/rankings/singles?dateWeek=2025-06-16&rankRange=0-5000,2026-03-22T00:41:33Z
atp,2025-06-16,T0GF,J. Tracy,Jj Tracy,1316,5,https://www.atptour.com/en/rankings/singles?dateWeek=2025-06-16&rankRange=0-5000,2026-03-22T00:41:33Z
atp,2025-06-16,N0DR,B. Nakashima,Bryce Nakashima,1317,5,https://www.atptour.com/en/rankings/singles?dateWeek=2025-06-16&rankRange=0-5000,2026-03-22T00:41:33Z
atp,2025-06-16,V0EV,A. Vasquez,Alessio Vasquez,1325,5,https://www.atptour.com/en/rankings/singles?dateWeek=2025-06-16&rankRange=0-5000,2026-03-22T00:41:33Z
atp,2025-06-16,P0GP,P. Privara,Peter Benjamin Privara,1326,5,https://www.atptour.com/en/rankings/singles?dateWeek=2025-06-16&rankRange=0-5000,2026-03-22T00:41:33Z
atp,2025-06-16,K0HM,M. Kamath,Madhwin Kamath,1327,5,https://www.atptour.com/en/rankings/singles?dateWeek=2025-06-16&rankRange=0-5000,2026-03-22T00:41:33Z
atp,2025-06-16,J0EI,A. Jilly,Adam Jilly,1331,5,https://www.atptour.com/en/rankings/singles?dateWeek=2025-06-16&rankRange=0-5000,2026-03-22T00:41:33Z
atp,2025-06-16,Z0BH,E. Zanada,Edoardo Zanada,1334,5,https://www.atptour.com/en/rankings/singles?dateWeek=2025-06-16&rankRange=0-5000,2026-03-22T00:41:33Z
atp,2025-06-16,C0R1,L. Cattaneo,Leonardo Cattaneo,1337,5,https://www.atptour.com/en/rankings/singles?dateWeek=2025-06-16&rankRange=0-5000,2026-03-22T00:41:33Z
atp,2025-06-16,R0AI,S. Reitano,Stefano Reitano,1338,5,https://www.atptour.com/en/rankings/singles?dateWeek=2025-06-16&rankRange=0-5000,2026-03-22T00:41:33Z
atp,2025-06-16,B0P7,V. Breazu,Vlad Cristian Breazu,1339,5,https://www.atptour.com/en/rankings/singles?dateWeek=2025-06-16&rankRange=0-5000,2026-03-22T00:41:33Z
atp,2025-06-16,B0ME,C. Bouchelaghem,Cesar Bouchelaghem,1340,5,https://www.atptour.com/en/rankings/singles?dateWeek=2025-06-16&rankRange=0-5000,2026-03-22T00:41:33Z
atp,2025-06-16,Z246,M. Zekic,Miljan Zekic,1346,5,https://www.atptour.com/en/rankings/singles?dateWeek=2025-06-16&rankRange=0-5000,2026-03-22T00:41:33Z
atp,2025-06-16,P0MI,S. Paardekooper,Stijn Paardekooper,1350,5,https://www.atptour.com/en/rankings/singles?dateWeek=2025-06-16&rankRange=0-5000,2026-03-22T00:41:33Z
atp,2025-06-16,F0F0,R. Faucon,Romain Faucon,1351,5,https://www.atptour.com/en/rankings/singles?dateWeek=2025-06-16&rankRange=0-5000,2026-03-22T00:41:33Z
atp,2025-06-16,SP25,F. Simonsson,Fred Simonsson,1354,5,https://www.atptour.com/en/rankings/singles?dateWeek=2025-06-16&rankRange=0-5000,2026-03-22T00:41:33Z
atp,2025-06-16,F0E0,R. Falck,Reece Falck,1359,5,https://www.atptour.com/en/rankings/singles?dateWeek=2025-06-16&rankRange=0-5000,2026-03-22T00:41:33Z
atp,2025-06-16,C0HN,I. Cervantes Tomas,Ian Luca Cervantes Tomas,1363,5,https://www.atptour.com/en/rankings/singles?dateWeek=2025-06-16&rankRange=0-5000,2026-03-22T00:41:33Z
atp,2025-06-16,L0HQ,N. Lehmann,Nikos Lehmann,1364,5,https://www.atptour.com/en/rankings/singles?dateWeek=2025-06-16&rankRange=0-5000,2026-03-22T00:41:33Z
atp,2025-06-16,B0VT,J. Bianchi,Juan Jose Bianchi,1365,5,https://www.atptour.com/en/rankings/singles?dateWeek=2025-06-16&rankRange=0-5000,2026-03-22T00:41:33Z
atp,2025-06-16,A0HZ,L. Angelini,Lorenzo Angelini,1366,5,https://www.atptour.com/en/rankings/singles?dateWeek=2025-06-16&rankRange=0-5000,2026-03-22T00:41:33Z
atp,2025-06-16,T0B4,N. Tajima,Naoki Tajima,1367,5,https://www.atptour.com/en/rankings/singles?dateWeek=2025-06-16&rankRange=0-5000,2026-03-22T00:41:33Z
atp,2025-06-16,KI91,K. Kirci,Koray Kirci,1368,5,https://www.atptour.com/en/rankings/singles?dateWeek=2025-06-16&rankRange=0-5000,2026-03-22T00:41:33Z
atp,2025-06-16,CL84,F. Cabral,Francisco Cabral,1369,4,https://www.atptour.com/en/rankings/singles?dateWeek=2025-06-16&rankRange=0-5000,2026-03-22T00:41:33Z
atp,2025-06-16,V0FL,Z. Viiala,Zack Viiala,1377,4,https://www.atptour.com/en/rankings/singles?dateWeek=2025-06-16&rankRange=0-5000,2026-03-22T00:41:33Z
atp,2025-06-16,F0J3,P. Faut,Pierre Antoine Faut,1384,4,https://www.atptour.com/en/rankings/singles?dateWeek=2025-06-16&rankRange=0-5000,2026-03-22T00:41:33Z
atp,2025-06-16,K0O5,J. Klimas,Jan Klimas,1385,4,https://www.atptour.com/en/rankings/singles?dateWeek=2025-06-16&rankRange=0-5000,2026-03-22T00:41:33Z
atp,2025-06-16,D0CQ,J. De Cuyper,Julien De Cuyper,1404,4,https://www.atptour.com/en/rankings/singles?dateWeek=2025-06-16&rankRange=0-5000,2026-03-22T00:41:33Z
atp,2025-06-16,M0WL,A. Mazdrashki,Anas Mazdrashki,1416,4,https://www.atptour.com/en/rankings/singles?dateWeek=2025-06-16&rankRange=0-5000,2026-03-22T00:41:33Z
atp,2025-06-16,C0JU,E. Camargo Lima,Enzo Camargo Lima,1421,4,https://www.atptour.com/en/rankings/singles?dateWeek=2025-06-16&rankRange=0-5000,2026-03-22T00:41:33Z
atp,2025-06-16,M0XN,L. Matthysen,Leo Matthysen,1422,4,https://www.atptour.com/en/rankings/singles?dateWeek=2025-06-16&rankRange=0-5000,2026-03-22T00:41:33Z
atp,2025-06-16,G0KW,C. Giraldi,Carlos Giraldi,1429,4,https://www.atptour.com/en/rankings/singles?dateWeek=2025-06-16&rankRange=0-5000,2026-03-22T00:41:33Z
atp,2025-06-16,S0NO,E. Simonit,Ezequiel Simonit,1434,4,https://www.atptour.com/en/rankings/singles?dateWeek=2025-06-16&rankRange=0-5000,2026-03-22T00:41:33Z
atp,2025-06-16,A0K2,F. Aguilar Cardozo,Federico Aguilar Cardozo,1438,4,https://www.atptour.com/en/rankings/singles?dateWeek=2025-06-16&rankRange=0-5000,2026-03-22T00:41:33Z
atp,2025-06-16,P0HL,P. Pampanin,Pietro Pampanin,1446,4,https://www.atptour.com/en/rankings/singles?dateWeek=2025-06-16&rankRange=0-5000,2026-03-22T00:41:33Z
atp,2025-06-16,F0GO,S. Fita Juan,Sergi Fita Juan,1451,4,https://www.atptour.com/en/rankings/singles?dateWeek=2025-06-16&rankRange=0-5000,2026-03-22T00:41:33Z
atp,2025-06-16,AG64,P. Aggarwal,Parth Aggarwal,1452,4,https://www.atptour.com/en/rankings/singles?dateWeek=2025-06-16&rankRange=0-5000,2026-03-22T00:41:33Z
atp,2025-06-16,C0DP,J. Court,Jayden Court,1453,4,https://www.atptour.com/en/rankings/singles?dateWeek=2025-06-16&rankRange=0-5000,2026-03-22T00:41:33Z
atp,2025-06-16,P0C9,R. Pang,Renlong Pang,1489,3,https://www.atptour.com/en/rankings/singles?dateWeek=2025-06-16&rankRange=0-5000,2026-03-22T00:41:33Z
atp,2025-06-16,K0IR,L. Krall,Liam Krall,1507,3,https://www.atptour.com/en/rankings/singles?dateWeek=2025-06-16&rankRange=0-5000,2026-03-22T00:41:33Z
atp,2025-06-16,G0NU,T. Gerbaud,Thomas Gerbaud,1517,3,https://www.atptour.com/en/rankings/singles?dateWeek=2025-06-16&rankRange=0-5000,2026-03-22T00:41:33Z
atp,2025-06-16,N0CA,N. Nedelchev,Nikolay Nedelchev,1541,3,https://www.atptour.com/en/rankings/singles?dateWeek=2025-06-16&rankRange=0-5000,2026-03-22T00:41:33Z
atp,2025-06-16,Y09E,B. Yu,Bingyu Yu,1554,3,https://www.atptour.com/en/rankings/singles?dateWeek=2025-06-16&rankRange=0-5000,2026-03-22T00:41:33Z
atp,2025-06-16,P0MH,P. Photiades,Photos Photiades,1555,3,https://www.atptour.com/en/rankings/singles?dateWeek=2025-06-16&rankRange=0-5000,2026-03-22T00:41:33Z
atp,2025-06-16,K0JY,M. Kriznik,Matic Kriznik,1560,3,https://www.atptour.com/en/rankings/singles?dateWeek=2025-06-16&rankRange=0-5000,2026-03-22T00:41:33Z
atp,2025-06-16,J0ED,N. Jovic,Nikola Jovic,1574,3,https://www.atptour.com/en/rankings/singles?dateWeek=2025-06-16&rankRange=0-5000,2026-03-22T00:41:33Z
atp,2025-06-16,J0B6,J. Jermar,Jan Jermar,1584,3,https://www.atptour.com/en/rankings/singles?dateWeek=2025-06-16&rankRange=0-5000,2026-03-22T00:41:33Z
atp,2025-06-16,F0FB,M. Figl,Maximilian Figl,1591,3,https://www.atptour.com/en/rankings/singles?dateWeek=2025-06-16&rankRange=0-5000,2026-03-22T00:41:33Z
atp,2025-06-16,I0B1,N. Ianin,Nikita Ianin,1592,3,https://www.atptour.com/en/rankings/singles?dateWeek=2025-06-16&rankRange=0-5000,2026-03-22T00:41:33Z
atp,2025-06-16,F0DD,M. Furlanetto,Marco Furlanetto,1735,2,https://www.atptour.com/en/rankings/singles?dateWeek=2025-06-16&rankRange=0-5000,2026-03-22T00:41:33Z
atp,2025-06-16,P0MO,A. Panaras,Adam Panaras,1752,2,https://www.atptour.com/en/rankings/singles?dateWeek=2025-06-16&rankRange=0-5000,2026-03-22T00:41:33Z
atp,2025-06-16,A0L4,P. Alam,Peter Alam,1759,2,https://www.atptour.com/en/rankings/singles?dateWeek=2025-06-16&rankRange=0-5000,2026-03-22T00:41:33Z
atp,2025-06-16,A0AV,A. Aleshchev,Alexey Aleshchev,1768,2,https://www.atptour.com/en/rankings/singles?dateWeek=2025-06-16&rankRange=0-5000,2026-03-22T00:41:33Z
atp,2025-06-16,S0AG,Jannik Sinner,Jannik Sinner,1,10880,https://www.atptour.com/en/rankings/singles?dateWeek=2025-06-16&rankRange=0-5000,2026-03-22T00:41:33Z
atp,2025-06-16,A0E2,Carlos Alcaraz,Carlos Alcaraz,2,8850,https://www.atptour.com/en/rankings/singles?dateWeek=2025-06-16&rankRange=0-5000,2026-03-22T00:41:33Z
atp,2025-06-16,Z355,Alexander Zverev,Alexander Zverev,3,6500,https://www.atptour.com/en/rankings/singles?dateWeek=2025-06-16&rankRange=0-5000,2026-03-22T00:41:33Z
atp,2025-06-16,FB98,Taylor Fritz,Taylor Fritz,4,4735,https://www.atptour.com/en/rankings/singles?dateWeek=2025-06-16&rankRange=0-5000,2026-03-22T00:41:33Z
atp,2025-06-16,D643,Novak Djokovic,Novak Djokovic,5,4630,https://www.atptour.com/en/rankings/singles?dateWeek=2025-06-16&rankRange=0-5000,2026-03-22T00:41:33Z
atp,2025-06-16,D0CO,Jack Draper,Jack Draper,6,4550,https://www.atptour.com/en/rankings/singles?dateWeek=2025-06-16&rankRange=0-5000,2026-03-22T00:41:33Z
atp,2025-06-16,M0EJ,Lorenzo Musetti,Lorenzo Musetti,7,4470,https://www.atptour.com/en/rankings/singles?dateWeek=2025-06-16&rankRange=0-5000,2026-03-22T00:41:33Z
atp,2025-06-16,PL56,Tommy Paul,Tommy Paul,8,3470,https://www.atptour.com/en/rankings/singles?dateWeek=2025-06-16&rankRange=0-5000,2026-03-22T00:41:33Z
atp,2025-06-16,R0DG,Holger Rune,Holger Rune,9,3440,https://www.atptour.com/en/rankings/singles?dateWeek=2025-06-16&rankRange=0-5000,2026-03-22T00:41:33Z
atp,2025-06-16,S0S1,Ben Shelton,Ben Shelton,10,3170,https://www.atptour.com/en/rankings/singles?dateWeek=2025-06-16&rankRange=0-5000,2026-03-22T00:41:33Z
atp,2025-06-16,MM58,Daniil Medvedev,Daniil Medvedev,11,3140,https://www.atptour.com/en/rankings/singles?dateWeek=2025-06-16&rankRange=0-5000,2026-03-22T00:41:33Z
atp,2025-06-16,DH58,Alex de Minaur,Alex De Minaur,12,3085,https://www.atptour.com/en/rankings/singles?dateWeek=2025-06-16&rankRange=0-5000,2026-03-22T00:41:33Z
atp,2025-06-16,TD51,Frances Tiafoe,Frances Tiafoe,13,2990,https://www.atptour.com/en/rankings/singles?dateWeek=2025-06-16&rankRange=0-5000,2026-03-22T00:41:33Z
atp,2025-06-16,RE44,Andrey Rublev,Andrey Rublev,14,2920,https://www.atptour.com/en/rankings/singles?dateWeek=2025-06-16&rankRange=0-5000,2026-03-22T00:41:33Z
atp,2025-06-16,F0F1,Arthur Fils,Arthur Fils,15,2920,https://www.atptour.com/en/rankings/singles?dateWeek=2025-06-16&rankRange=0-5000,2026-03-22T00:41:33Z
atp,2025-06-16,RH16,Casper Ruud,Casper Ruud,16,2905,https://www.atptour.com/en/rankings/singles?dateWeek=2025-06-16&rankRange=0-5000,2026-03-22T00:41:33Z
atp,2025-06-16,M0NI,Jakub Mensik,Jakub Mensik,17,2322,https://www.atptour.com/en/rankings/singles?dateWeek=2025-06-16&rankRange=0-5000,2026-03-22T00:41:33Z
atp,2025-06-16,C0AU,Francisco Cerundolo,Francisco Cerundolo,18,2285,https://www.atptour.com/en/rankings/singles?dateWeek=2025-06-16&rankRange=0-5000,2026-03-22T00:41:33Z
atp,2025-06-16,D875,Grigor Dimitrov,Grigor Dimitrov,19,2205,https://www.atptour.com/en/rankings/singles?dateWeek=2025-06-16&rankRange=0-5000,2026-03-22T00:41:33Z
atp,2025-06-16,HH26,Ugo Humbert,Ugo Humbert,20,2195,https://www.atptour.com/en/rankings/singles?dateWeek=2025-06-16&rankRange=0-5000,2026-03-22T00:41:33Z
atp,2025-06-16,P09Z,Alexei Popyrin,Alexei Popyrin,21,2115,https://www.atptour.com/en/rankings/singles?dateWeek=2025-06-16&rankRange=0-5000,2026-03-22T00:41:33Z
atp,2025-06-16,KE29,Karen Khachanov,Karen Khachanov,22,2050,https://www.atptour.com/en/rankings/singles?dateWeek=2025-06-16&rankRange=0-5000,2026-03-22T00:41:33Z
atp,2025-06-16,M0FH,Tomas Machac,Tomas Machac,23,2020,https://www.atptour.com/en/rankings/singles?dateWeek=2025-06-16&rankRange=0-5000,2026-03-22T00:41:33Z
atp,2025-06-16,C0E9,Flavio Cobolli,Flavio Cobolli,24,1970,https://www.atptour.com/en/rankings/singles?dateWeek=2025-06-16&rankRange=0-5000,2026-03-22T00:41:33Z
atp,2025-06-16,TE51,Stefanos Tsitsipas,Stefanos Tsitsipas,25,1920,https://www.atptour.com/en/rankings/singles?dateWeek=2025-06-16&rankRange=0-5000,2026-03-22T00:41:33Z
atp,2025-06-16,K0AH,Sebastian Korda,Sebastian Korda,26,1855,https://www.atptour.com/en/rankings/singles?dateWeek=2025-06-16&rankRange=0-5000,2026-03-22T00:41:33Z
atp,2025-06-16,AG37,Felix Auger-Aliassime,Felix Auger Aliassime,27,1775,https://www.atptour.com/en/rankings/singles?dateWeek=2025-06-16&rankRange=0-5000,2026-03-22T00:41:33Z
atp,2025-06-16,DH50,Alejandro Davidovich Fokina,Alejandro Davidovich Fokina,28,1770,https://www.atptour.com/en/rankings/singles?dateWeek=2025-06-16&rankRange=0-5000,2026-03-22T00:41:33Z
atp,2025-06-16,HB71,Hubert Hurkacz,Hubert Hurkacz,29,1665,https://www.atptour.com/en/rankings/singles?dateWeek=2025-06-16&rankRange=0-5000,2026-03-22T00:41:33Z
atp,2025-06-16,L0BV,Jiri Lehecka,Jiri Lehecka,30,1645,https://www.atptour.com/en/rankings/singles?dateWeek=2025-06-16&rankRange=0-5000,2026-03-22T00:41:33Z
atp,2025-06-16,SU55,Denis Shapovalov,Denis Shapovalov,31,1626,https://www.atptour.com/en/rankings/singles?dateWeek=2025-06-16&rankRange=0-5000,2026-03-22T00:41:33Z
atp,2025-06-16,N0AE,Brandon Nakashima,Brandon Nakashima,32,1600,https://www.atptour.com/en/rankings/singles?dateWeek=2025-06-16&rankRange=0-5000,2026-03-22T00:41:33Z
atp,2025-06-16,M0QI,Alex Michelsen,Alex Michelsen,33,1570,https://www.atptour.com/en/rankings/singles?dateWeek=2025-06-16&rankRange=0-5000,2026-03-22T00:41:33Z
atp,2025-06-16,BK40,Matteo Berrettini,Matteo Berrettini,34,1565,https://www.atptour.com/en/rankings/singles?dateWeek=2025-06-16&rankRange=0-5000,2026-03-22T00:41:33Z
atp,2025-06-16,GJ37,Tallon Griekspoor,Tallon Griekspoor,35,1535,https://www.atptour.com/en/rankings/singles?dateWeek=2025-06-16&rankRange=0-5000,2026-03-22T00:41:33Z
atp,2025-06-16,M0GZ,Giovanni Mpetshi Perricard,Giovanni Mpetshi Perricard,36,1476,https://www.atptour.com/en/rankings/singles?dateWeek=2025-06-16&rankRange=0-5000,2026-03-22T00:41:33Z
atp,2025-06-16,TC61,Jordan Thompson,Jordan Thompson,37,1400,https://www.atptour.com/en/rankings/singles?dateWeek=2025-06-16&rankRange=0-5000,2026-03-22T00:41:33Z
atp,2025-06-16,BT72,Nuno Borges,Nuno Borges,38,1400,https://www.atptour.com/en/rankings/singles?dateWeek=2025-06-16&rankRange=0-5000,2026-03-22T00:41:33Z
atp,2025-06-16,B0BI,Sebastian Baez,Sebastian Baez,39,1370,https://www.atptour.com/en/rankings/singles?dateWeek=2025-06-16&rankRange=0-5000,2026-03-22T00:41:33Z
atp,2025-06-16,MP20,Alexandre Muller,Alexandre Muller,40,1311,https://www.atptour.com/en/rankings/singles?dateWeek=2025-06-16&rankRange=0-5000,2026-03-22T00:41:33Z
atp,2025-06-16,A0FC,Matteo Arnaldi,Matteo Arnaldi,41,1265,https://www.atptour.com/en/rankings/singles?dateWeek=2025-06-16&rankRange=0-5000,2026-03-22T00:41:33Z
atp,2025-06-16,MC65,Gael Monfils,Gael Monfils,42,1265,https://www.atptour.com/en/rankings/singles?dateWeek=2025-06-16&rankRange=0-5000,2026-03-22T00:41:33Z
atp,2025-06-16,GC88,Marcos Giron,Marcos Giron,43,1265,https://www.atptour.com/en/rankings/singles?dateWeek=2025-06-16&rankRange=0-5000,2026-03-22T00:41:33Z
atp,2025-06-16,D0F6,Gabriel Diallo,Gabriel Diallo,44,1247,https://www.atptour.com/en/rankings/singles?dateWeek=2025-06-16&rankRange=0-5000,2026-03-22T00:41:33Z
atp,2025-06-16,BK92,Alexander Bublik,Alexander Bublik,45,1225,https://www.atptour.com/en/rankings/singles?dateWeek=2025-06-16&rankRange=0-5000,2026-03-22T00:41:33Z
atp,2025-06-16,SU87,Lorenzo Sonego,Lorenzo Sonego,46,1165,https://www.atptour.com/en/rankings/singles?dateWeek=2025-06-16&rankRange=0-5000,2026-03-22T00:41:33Z
atp,2025-06-16,KI95,Miomir Kecmanovic,Miomir Kecmanovic,47,1146,https://www.atptour.com/en/rankings/singles?dateWeek=2025-06-16&rankRange=0-5000,2026-03-22T00:41:33Z
atp,2025-06-16,HB64,Quentin Halys,Quentin Halys,48,1134,https://www.atptour.com/en/rankings/singles?dateWeek=2025-06-16&rankRange=0-5000,2026-03-22T00:41:33Z
atp,2025-06-16,BU13,Zizou Bergs,Zizou Bergs,49,1079,https://www.atptour.com/en/rankings/singles?dateWeek=2025-06-16&rankRange=0-5000,2026-03-22T00:41:33Z
atp,2025-06-16,GB88,David Goffin,David Goffin,50,1055,https://www.atptour.com/en/rankings/singles?dateWeek=2025-06-16&rankRange=0-5000,2026-03-22T00:41:33Z
atp,2025-06-16,BD06,Roberto Bautista Agut,Roberto Bautista Agut,51,1049,https://www.atptour.com/en/rankings/singles?dateWeek=2025-06-16&rankRange=0-5000,2026-03-22T00:41:33Z
atp,2025-06-16,AE14,Daniel Altmaier,Daniel Altmaier,52,1037,https://www.atptour.com/en/rankings/singles?dateWeek=2025-06-16&rankRange=0-5000,2026-03-22T00:41:33Z
atp,2025-06-16,U182,Camilo Ugo Carabelli,Camilo Ugo Carabelli,53,1036,https://www.atptour.com/en/rankings/singles?dateWeek=2025-06-16&rankRange=0-5000,2026-03-22T00:41:33Z
atp,2025-06-16,MO44,Pedro Martinez,Pedro Martinez,54,1030,https://www.atptour.com/en/rankings/singles?dateWeek=2025-06-16&rankRange=0-5000,2026-03-22T00:41:33Z
atp,2025-06-16,TE30,Alejandro Tabilo,Alejandro Tabilo,55,1005,https://www.atptour.com/en/rankings/singles?dateWeek=2025-06-16&rankRange=0-5000,2026-03-22T00:41:33Z
atp,2025-06-16,D0FJ,Luciano Darderi,Luciano Darderi,56,1004,https://www.atptour.com/en/rankings/singles?dateWeek=2025-06-16&rankRange=0-5000,2026-03-22T00:41:33Z
atp,2025-06-16,F0FV,Joao Fonseca,Joao Fonseca,57,991,https://www.atptour.com/en/rankings/singles?dateWeek=2025-06-16&rankRange=0-5000,2026-03-22T00:41:33Z
atp,2025-06-16,M0CI,Fabian Marozsan,Fabian Marozsan,58,990,https://www.atptour.com/en/rankings/singles?dateWeek=2025-06-16&rankRange=0-5000,2026-03-22T00:41:33Z
atp,2025-06-16,MU94,Jaume Munar,Jaume Munar,59,962,https://www.atptour.com/en/rankings/singles?dateWeek=2025-06-16&rankRange=0-5000,2026-03-22T00:41:33Z
atp,2025-06-16,F0BY,Jacob Fearnley,Jacob Fearnley,60,961,https://www.atptour.com/en/rankings/singles?dateWeek=2025-06-16&rankRange=0-5000,2026-03-22T00:41:33Z
atp,2025-06-16,N771,Cameron Norrie,Cameron Norrie,61,952,https://www.atptour.com/en/rankings/singles?dateWeek=2025-06-16&rankRange=0-5000,2026-03-22T00:41:33Z
atp,2025-06-16,BM95,Benjamin Bonzi,Benjamin Bonzi,62,945,https://www.atptour.com/en/rankings/singles?dateWeek=2025-06-16&rankRange=0-5000,2026-03-22T00:41:33Z
atp,2025-06-16,EA24,Tomas Martin Etcheverry,Tomas Martin Etcheverry,63,935,https://www.atptour.com/en/rankings/singles?dateWeek=2025-06-16&rankRange=0-5000,2026-03-22T00:41:33Z
atp,2025-06-16,C0DF,Francisco Comesana,Francisco Comesana,64,914,https://www.atptour.com/en/rankings/singles?dateWeek=2025-06-16&rankRange=0-5000,2026-03-22T00:41:33Z
atp,2025-06-16,DB63,Laslo Djere,Laslo Djere,65,911,https://www.atptour.com/en/rankings/singles?dateWeek=2025-06-16&rankRange=0-5000,2026-03-22T00:41:33Z
atp,2025-06-16,N552,Kei Nishikori,Kei Nishikori,66,903,https://www.atptour.com/en/rankings/singles?dateWeek=2025-06-16&rankRange=0-5000,2026-03-22T00:41:33Z
atp,2025-06-16,T0HA,Learner Tien,Learner Tien,67,903,https://www.atptour.com/en/rankings/singles?dateWeek=2025-06-16&rankRange=0-5000,2026-03-22T00:41:33Z
atp,2025-06-16,D923,Damir Dzumhur,Damir Dzumhur,68,900,https://www.atptour.com/en/rankings/singles?dateWeek=2025-06-16&rankRange=0-5000,2026-03-22T00:41:33Z
atp,2025-06-16,Y09V,Yunchaokete Bu,Yunchaokete Bu,69,874,https://www.atptour.com/en/rankings/singles?dateWeek=2025-06-16&rankRange=0-5000,2026-03-22T00:41:33Z
atp,2025-06-16,CF59,Roberto Carballes Baena,Roberto Carballes Baena,70,864,https://www.atptour.com/en/rankings/singles?dateWeek=2025-06-16&rankRange=0-5000,2026-03-22T00:41:33Z
atp,2025-06-16,M0JF,Hamad Medjedovic,Hamad Medjedovic,71,853,https://www.atptour.com/en/rankings/singles?dateWeek=2025-06-16&rankRange=0-5000,2026-03-22T00:41:33Z
atp,2025-06-16,B0GG,Mattia Bellucci,Mattia Bellucci,72,836,https://www.atptour.com/en/rankings/singles?dateWeek=2025-06-16&rankRange=0-5000,2026-03-22T00:41:33Z
atp,2025-06-16,SX50,Roman Safiullin,Roman Safiullin,73,816,https://www.atptour.com/en/rankings/singles?dateWeek=2025-06-16&rankRange=0-5000,2026-03-22T00:41:33Z
atp,2025-06-16,H0BH,Rinky Hijikata,Rinky Hijikata,74,811,https://www.atptour.com/en/rankings/singles?dateWeek=2025-06-16&rankRange=0-5000,2026-03-22T00:41:33Z
atp,2025-06-16,O522,Reilly Opelka,Reilly Opelka,75,808,https://www.atptour.com/en/rankings/singles?dateWeek=2025-06-16&rankRange=0-5000,2026-03-22T00:41:33Z
atp,2025-06-16,S0RE,Juncheng Shang,Juncheng Shang,76,806,https://www.atptour.com/en/rankings/singles?dateWeek=2025-06-16&rankRange=0-5000,2026-03-22T00:41:33Z
atp,2025-06-16,K0AZ,Aleksandar Kovacevic,Aleksandar Kovacevic,77,799,https://www.atptour.com/en/rankings/singles?dateWeek=2025-06-16&rankRange=0-5000,2026-03-22T00:41:33Z
atp,2025-06-16,N732,Yoshihito Nishioka,Yoshihito Nishioka,78,787,https://www.atptour.com/en/rankings/singles?dateWeek=2025-06-16&rankRange=0-5000,2026-03-22T00:41:33Z
atp,2025-06-16,O483,Christopher O'Connell,Christopher O'connell,79,772,https://www.atptour.com/en/rankings/singles?dateWeek=2025-06-16&rankRange=0-5000,2026-03-22T00:41:33Z
atp,2025-06-16,RC91,Arthur Rinderknech,Arthur Rinderknech,80,764,https://www.atptour.com/en/rankings/singles?dateWeek=2025-06-16&rankRange=0-5000,2026-03-22T00:41:33Z
atp,2025-06-16,DA31,Hugo Dellien,Hugo Dellien,81,751,https://www.atptour.com/en/rankings/singles?dateWeek=2025-06-16&rankRange=0-5000,2026-03-22T00:41:33Z
atp,2025-06-16,KI82,Vit Kopriva,Vit Kopriva,82,750,https://www.atptour.com/en/rankings/singles?dateWeek=2025-06-16&rankRange=0-5000,2026-03-22T00:41:33Z
atp,2025-06-16,V832,Aleksandar Vukic,Aleksandar Vukic,83,733,https://www.atptour.com/en/rankings/singles?dateWeek=2025-06-16&rankRange=0-5000,2026-03-22T00:41:33Z
atp,2025-06-16,CG80,Borna Coric,Borna Coric,84,730,https://www.atptour.com/en/rankings/singles?dateWeek=2025-06-16&rankRange=0-5000,2026-03-22T00:41:33Z
atp,2025-06-16,C0JP,Raphael Collignon,Raphael Collignon,85,705,https://www.atptour.com/en/rankings/singles?dateWeek=2025-06-16&rankRange=0-5000,2026-03-22T00:41:33Z
atp,2025-06-16,W09E,Adam Walton,Adam Walton,86,703,https://www.atptour.com/en/rankings/singles?dateWeek=2025-06-16&rankRange=0-5000,2026-03-22T00:41:33Z
atp,2025-06-16,G09O,Hugo Gaston,Hugo Gaston,87,693,https://www.atptour.com/en/rankings/singles?dateWeek=2025-06-16&rankRange=0-5000,2026-03-22T00:41:33Z
atp,2025-06-16,Z371,Zhizhen Zhang,Zhizhen Zhang,88,685,https://www.atptour.com/en/rankings/singles?dateWeek=2025-06-16&rankRange=0-5000,2026-03-22T00:41:33Z
atp,2025-06-16,MW02,Corentin Moutet,Corentin Moutet,89,677,https://www.atptour.com/en/rankings/singles?dateWeek=2025-06-16&rankRange=0-5000,2026-03-22T00:41:33Z
atp,2025-06-16,N0BS,Mariano Navone,Mariano Navone,90,670,https://www.atptour.com/en/rankings/singles?dateWeek=2025-06-16&rankRange=0-5000,2026-03-22T00:41:33Z
atp,2025-06-16,V812,Botic van de Zandschulp,Botic Van De Zandschulp,91,670,https://www.atptour.com/en/rankings/singles?dateWeek=2025-06-16&rankRange=0-5000,2026-03-22T00:41:33Z
atp,2025-06-16,CD85,Pablo Carreno Busta,Pablo Carreno Busta,92,662,https://www.atptour.com/en/rankings/singles?dateWeek=2025-06-16&rankRange=0-5000,2026-03-22T00:41:33Z
atp,2025-06-16,D0C1,Jesper de Jong,Jesper De Jong,93,660,https://www.atptour.com/en/rankings/singles?dateWeek=2025-06-16&rankRange=0-5000,2026-03-22T00:41:33Z
atp,2025-06-16,N0BG,Luca Nardi,Luca Nardi,94,655,https://www.atptour.com/en/rankings/singles?dateWeek=2025-06-16&rankRange=0-5000,2026-03-22T00:41:33Z
atp,2025-06-16,Q02L,Ethan Quinn,Ethan Quinn,95,652,https://www.atptour.com/en/rankings/singles?dateWeek=2025-06-16&rankRange=0-5000,2026-03-22T00:41:33Z
atp,2025-06-16,T0AP,Chun-Hsin Tseng,Chun Hsin Tseng,96,648,https://www.atptour.com/en/rankings/singles?dateWeek=2025-06-16&rankRange=0-5000,2026-03-22T00:41:33Z
atp,2025-06-16,S0H2,Alexander Shevchenko,Alexander Shevchenko,97,635,https://www.atptour.com/en/rankings/singles?dateWeek=2025-06-16&rankRange=0-5000,2026-03-22T00:41:33Z
atp,2025-06-16,MK66,Mackenzie McDonald,Mackenzie Mcdonald,98,630,https://www.atptour.com/en/rankings/singles?dateWeek=2025-06-16&rankRange=0-5000,2026-03-22T00:41:33Z
atp,2025-06-16,V0AM,Otto Virtanen,Otto Virtanen,99,623,https://www.atptour.com/en/rankings/singles?dateWeek=2025-06-16&rankRange=0-5000,2026-03-22T00:41:33Z
atp,2025-06-16,D994,James Duckworth,James Duckworth,100,603,https://www.atptour.com/en/rankings/singles?dateWeek=2025-06-16&rankRange=0-5000,2026-03-22T00:41:33Z
atp,2025-06-16,C977,Marin Cilic,Marin Cilic,101,597,https://www.atptour.com/en/rankings/singles?dateWeek=2025-06-16&rankRange=0-5000,2026-03-22T00:41:33Z
atp,2025-06-16,B0NN,Nishesh Basavareddy,Nishesh Basavareddy,102,582,https://www.atptour.com/en/rankings/singles?dateWeek=2025-06-16&rankRange=0-5000,2026-03-22T00:41:33Z
atp,2025-06-16,SL28,Jan-Lennard Struff,Jan Lennard Struff,103,575,https://www.atptour.com/en/rankings/singles?dateWeek=2025-06-16&rankRange=0-5000,2026-03-22T00:41:33Z
atp,2025-06-16,H09P,Brandon Holt,Brandon Holt,104,568,https://www.atptour.com/en/rankings/singles?dateWeek=2025-06-16&rankRange=0-5000,2026-03-22T00:41:33Z
atp,2025-06-16,F724,Marton Fucsovics,Marton Fucsovics,105,564,https://www.atptour.com/en/rankings/singles?dateWeek=2025-06-16&rankRange=0-5000,2026-03-22T00:41:33Z
atp,2025-06-16,S0N0,Tristan Schoolkate,Tristan Schoolkate,106,563,https://www.atptour.com/en/rankings/singles?dateWeek=2025-06-16&rankRange=0-5000,2026-03-22T00:41:33Z
atp,2025-06-16,C0C8,Juan Manuel Cerundolo,Juan Manuel Cerundolo,107,558,https://www.atptour.com/en/rankings/singles?dateWeek=2025-06-16&rankRange=0-5000,2026-03-22T00:41:33Z
atp,2025-06-16,E865,Christopher Eubanks,Christopher Eubanks,108,554,https://www.atptour.com/en/rankings/singles?dateWeek=2025-06-16&rankRange=0-5000,2026-03-22T00:41:33Z
atp,2025-06-16,MQ75,Kamil Majchrzak,Kamil Majchrzak,109,549,https://www.atptour.com/en/rankings/singles?dateWeek=2025-06-16&rankRange=0-5000,2026-03-22T00:41:33Z
atp,2025-06-16,M0K4,Elmer Moller,Elmer Moller,110,536,https://www.atptour.com/en/rankings/singles?dateWeek=2025-06-16&rankRange=0-5000,2026-03-22T00:41:33Z
atp,2025-06-16,GE33,Daniel Elahi Galan,Daniel Elahi Galan,111,533,https://www.atptour.com/en/rankings/singles?dateWeek=2025-06-16&rankRange=0-5000,2026-03-22T00:41:33Z
atp,2025-06-16,BS86,Tomas Barrios Vera,Tomas Barrios Vera,112,525,https://www.atptour.com/en/rankings/singles?dateWeek=2025-06-16&rankRange=0-5000,2026-03-22T00:41:33Z
atp,2025-06-16,HD68,Billy Harris,Billy Harris,113,519,https://www.atptour.com/en/rankings/singles?dateWeek=2025-06-16&rankRange=0-5000,2026-03-22T00:41:33Z
atp,2025-06-16,R0EB,Valentin Royer,Valentin Royer,114,513,https://www.atptour.com/en/rankings/singles?dateWeek=2025-06-16&rankRange=0-5000,2026-03-22T00:41:33Z
atp,2025-06-16,C0H0,Arthur Cazaux,Arthur Cazaux,115,505,https://www.atptour.com/en/rankings/singles?dateWeek=2025-06-16&rankRange=0-5000,2026-03-22T00:41:33Z
atp,2025-06-16,GD64,Cristian Garin,Cristian Garin,116,500,https://www.atptour.com/en/rankings/singles?dateWeek=2025-06-16&rankRange=0-5000,2026-03-22T00:41:33Z
atp,2025-06-16,B0EJ,Tristan Boyer,Tristan Boyer,117,494,https://www.atptour.com/en/rankings/singles?dateWeek=2025-06-16&rankRange=0-5000,2026-03-22T00:41:33Z
atp,2025-06-16,S0JA,Eliot Spizzirri,Eliot Spizzirri,118,494,https://www.atptour.com/en/rankings/singles?dateWeek=2025-06-16&rankRange=0-5000,2026-03-22T00:41:33Z
atp,2025-06-16,F0F2,Jaime Faria,Jaime Faria,119,487,https://www.atptour.com/en/rankings/singles?dateWeek=2025-06-16&rankRange=0-5000,2026-03-22T00:41:33Z
atp,2025-06-16,SX91,Thiago Seyboth Wild,Thiago Seyboth Wild,120,486,https://www.atptour.com/en/rankings/singles?dateWeek=2025-06-16&rankRange=0-5000,2026-03-22T00:41:33Z
atp,2025-06-16,N0AM,Emilio Nava,Emilio Nava,121,485,https://www.atptour.com/en/rankings/singles?dateWeek=2025-06-16&rankRange=0-5000,2026-03-22T00:41:33Z
atp,2025-06-16,O513,Sebastian Ofner,Sebastian Ofner,122,483,https://www.atptour.com/en/rankings/singles?dateWeek=2025-06-16&rankRange=0-5000,2026-03-22T00:41:33Z
atp,2025-06-16,A0GC,Terence Atmane,Terence Atmane,123,477,https://www.atptour.com/en/rankings/singles?dateWeek=2025-06-16&rankRange=0-5000,2026-03-22T00:41:33Z
atp,2025-06-16,S0GD,Dalibor Svrcina,Dalibor Svrcina,124,475,https://www.atptour.com/en/rankings/singles?dateWeek=2025-06-16&rankRange=0-5000,2026-03-22T00:41:33Z
atp,2025-06-16,BG23,Nikoloz Basilashvili,Nikoloz Basilashvili,125,474,https://www.atptour.com/en/rankings/singles?dateWeek=2025-06-16&rankRange=0-5000,2026-03-22T00:41:33Z
atp,2025-06-16,H996,Pierre-Hugues Herbert,Pierre Hugues Herbert,126,474,https://www.atptour.com/en/rankings/singles?dateWeek=2025-06-16&rankRange=0-5000,2026-03-22T00:41:33Z
atp,2025-06-16,F510,Fabio Fognini,Fabio Fognini,127,470,https://www.atptour.com/en/rankings/singles?dateWeek=2025-06-16&rankRange=0-5000,2026-03-22T00:41:33Z
atp,2025-06-16,ME82,Adrian Mannarino,Adrian Mannarino,128,469,https://www.atptour.com/en/rankings/singles?dateWeek=2025-06-16&rankRange=0-5000,2026-03-22T00:41:33Z
atp,2025-06-16,T0A1,Thiago Agustin Tirante,Thiago Agustin Tirante,129,469,https://www.atptour.com/en/rankings/singles?dateWeek=2025-06-16&rankRange=0-5000,2026-03-22T00:41:33Z
atp,2025-06-16,TE16,Carlos Taberner,Carlos Taberner,130,455,https://www.atptour.com/en/rankings/singles?dateWeek=2025-06-16&rankRange=0-5000,2026-03-22T00:41:33Z
atp,2025-06-16,B0FV,Roman Andres Burruchaga,Roman Andres Burruchaga,131,453,https://www.atptour.com/en/rankings/singles?dateWeek=2025-06-16&rankRange=0-5000,2026-03-22T00:41:33Z
atp,2025-06-16,G0FW,Vilius Gaubas,Vilius Gaubas,132,447,https://www.atptour.com/en/rankings/singles?dateWeek=2025-06-16&rankRange=0-5000,2026-03-22T00:41:33Z
atp,2025-06-16,G0GD,Matteo Gigante,Matteo Gigante,133,444,https://www.atptour.com/en/rankings/singles?dateWeek=2025-06-16&rankRange=0-5000,2026-03-22T00:41:33Z
atp,2025-06-16,GJ16,Federico Agustin Gomez,Federico Agustin Gomez,134,442,https://www.atptour.com/en/rankings/singles?dateWeek=2025-06-16&rankRange=0-5000,2026-03-22T00:41:33Z
atp,2025-06-16,PF39,Lucas Pouille,Lucas Pouille,135,439,https://www.atptour.com/en/rankings/singles?dateWeek=2025-06-16&rankRange=0-5000,2026-03-22T00:41:33Z
atp,2025-06-16,PH64,Andrea Pellegrino,Andrea Pellegrino,136,437,https://www.atptour.com/en/rankings/singles?dateWeek=2025-06-16&rankRange=0-5000,2026-03-22T00:41:33Z
atp,2025-06-16,L987,Dusan Lajovic,Dusan Lajovic,137,434,https://www.atptour.com/en/rankings/singles?dateWeek=2025-06-16&rankRange=0-5000,2026-03-22T00:41:33Z
atp,2025-06-16,H997,Yannick Hanfmann,Yannick Hanfmann,138,428,https://www.atptour.com/en/rankings/singles?dateWeek=2025-06-16&rankRange=0-5000,2026-03-22T00:41:33Z
atp,2025-06-16,MJ08,Thiago Monteiro,Thiago Monteiro,139,424,https://www.atptour.com/en/rankings/singles?dateWeek=2025-06-16&rankRange=0-5000,2026-03-22T00:41:33Z
atp,2025-06-16,B0PG,Alexander Blockx,Alexander Blockx,140,423,https://www.atptour.com/en/rankings/singles?dateWeek=2025-06-16&rankRange=0-5000,2026-03-22T00:41:33Z
atp,2025-06-16,KD46,Thanasi Kokkinakis,Thanasi Kokkinakis,141,418,https://www.atptour.com/en/rankings/singles?dateWeek=2025-06-16&rankRange=0-5000,2026-03-22T00:41:33Z
atp,2025-06-16,M0JZ,Filip Misolic,Filip Misolic,142,418,https://www.atptour.com/en/rankings/singles?dateWeek=2025-06-16&rankRange=0-5000,2026-03-22T00:41:33Z
atp,2025-06-16,P0CT,Francesco Passaro,Francesco Passaro,143,418,https://www.atptour.com/en/rankings/singles?dateWeek=2025-06-16&rankRange=0-5000,2026-03-22T00:41:33Z
atp,2025-06-16,J551,Nicolas Jarry,Nicolas Jarry,144,415,https://www.atptour.com/en/rankings/singles?dateWeek=2025-06-16&rankRange=0-5000,2026-03-22T00:41:33Z
atp,2025-06-16,CE77,Federico Coria,Federico Coria,145,413,https://www.atptour.com/en/rankings/singles?dateWeek=2025-06-16&rankRange=0-5000,2026-03-22T00:41:33Z
atp,2025-06-16,S0ZE,Colton Smith,Colton Smith,146,411,https://www.atptour.com/en/rankings/singles?dateWeek=2025-06-16&rankRange=0-5000,2026-03-22T00:41:33Z
atp,2025-06-16,L0IL,Martin Landaluce,Martin Landaluce,147,411,https://www.atptour.com/en/rankings/singles?dateWeek=2025-06-16&rankRange=0-5000,2026-03-22T00:41:33Z
atp,2025-06-16,MW75,Felipe Meligeni Alves,Felipe Meligeni Alves,148,406,https://www.atptour.com/en/rankings/singles?dateWeek=2025-06-16&rankRange=0-5000,2026-03-22T00:41:33Z
atp,2025-06-16,B0CD,Jenson Brooksby,Jenson Brooksby,149,405,https://www.atptour.com/en/rankings/singles?dateWeek=2025-06-16&rankRange=0-5000,2026-03-22T00:41:33Z
atp,2025-06-16,D0DP,Liam Draxl,Liam Draxl,150,403,https://www.atptour.com/en/rankings/singles?dateWeek=2025-06-16&rankRange=0-5000,2026-03-22T00:41:33Z
atp,2025-06-16,DA81,Taro Daniel,Taro Daniel,151,395,https://www.atptour.com/en/rankings/singles?dateWeek=2025-06-16&rankRange=0-5000,2026-03-22T00:41:33Z
atp,2025-06-16,B0ID,Ignacio Buse,Ignacio Buse,152,395,https://www.atptour.com/en/rankings/singles?dateWeek=2025-06-16&rankRange=0-5000,2026-03-22T00:41:33Z
atp,2025-06-16,J0AZ,Kyrian Jacquet,Kyrian Jacquet,153,389,https://www.atptour.com/en/rankings/singles?dateWeek=2025-06-16&rankRange=0-5000,2026-03-22T00:41:33Z
atp,2025-06-16,TA29,Marco Trungelliti,Marco Trungelliti,154,388,https://www.atptour.com/en/rankings/singles?dateWeek=2025-06-16&rankRange=0-5000,2026-03-22T00:41:33Z
atp,2025-06-16,W367,Stan Wawrinka,Stan Wawrinka,155,382,https://www.atptour.com/en/rankings/singles?dateWeek=2025-06-16&rankRange=0-5000,2026-03-22T00:41:33Z
atp,2025-06-16,FA43,Juan Pablo Ficovich,Juan Pablo Ficovich,156,375,https://www.atptour.com/en/rankings/singles?dateWeek=2025-06-16&rankRange=0-5000,2026-03-22T00:41:33Z
atp,2025-06-16,M0G4,Harold Mayot,Harold Mayot,157,368,https://www.atptour.com/en/rankings/singles?dateWeek=2025-06-16&rankRange=0-5000,2026-03-22T00:41:33Z
atp,2025-06-16,R0GO,Henrique Rocha,Henrique Rocha,158,366,https://www.atptour.com/en/rankings/singles?dateWeek=2025-06-16&rankRange=0-5000,2026-03-22T00:41:33Z
atp,2025-06-16,MW18,Nicolas Moreno De Alboran,Nicolas Moreno De Alboran,159,364,https://www.atptour.com/en/rankings/singles?dateWeek=2025-06-16&rankRange=0-5000,2026-03-22T00:41:33Z
atp,2025-06-16,PH71,Max Purcell,Max Purcell,160,363,https://www.atptour.com/en/rankings/singles?dateWeek=2025-06-16&rankRange=0-5000,2026-03-22T00:41:33Z
atp,2025-06-16,P09O,Zsombor Piros,Zsombor Piros,161,362,https://www.atptour.com/en/rankings/singles?dateWeek=2025-06-16&rankRange=0-5000,2026-03-22T00:41:33Z
atp,2025-06-16,K0EP,Jerome Kym,Jerome Kym,162,355,https://www.atptour.com/en/rankings/singles?dateWeek=2025-06-16&rankRange=0-5000,2026-03-22T00:41:33Z
atp,2025-06-16,HF80,Hady Habib,Hady Habib,163,350,https://www.atptour.com/en/rankings/singles?dateWeek=2025-06-16&rankRange=0-5000,2026-03-22T00:41:33Z
atp,2025-06-16,M0HU,Shintaro Mochizuki,Shintaro Mochizuki,164,349,https://www.atptour.com/en/rankings/singles?dateWeek=2025-06-16&rankRange=0-5000,2026-03-22T00:41:33Z
atp,2025-06-16,KC12,Mitchell Krueger,Mitchell Krueger,165,347,https://www.atptour.com/en/rankings/singles?dateWeek=2025-06-16&rankRange=0-5000,2026-03-22T00:41:33Z
atp,2025-06-16,R0E0,Chris Rodesch,Chris Rodesch,166,346,https://www.atptour.com/en/rankings/singles?dateWeek=2025-06-16&rankRange=0-5000,2026-03-22T00:41:33Z
atp,2025-06-16,HH06,Marc-Andrea Huesler,Marc Andrea Huesler,167,340,https://www.atptour.com/en/rankings/singles?dateWeek=2025-06-16&rankRange=0-5000,2026-03-22T00:41:33Z
atp,2025-06-16,L0GH,Mark Lajal,Mark Lajal,168,338,https://www.atptour.com/en/rankings/singles?dateWeek=2025-06-16&rankRange=0-5000,2026-03-22T00:41:33Z
atp,2025-06-16,TC01,Li Tu,Li Tu,169,336,https://www.atptour.com/en/rankings/singles?dateWeek=2025-06-16&rankRange=0-5000,2026-03-22T00:41:33Z
atp,2025-06-16,N0CS,Lukas Neumayer,Lukas Neumayer,170,336,https://www.atptour.com/en/rankings/singles?dateWeek=2025-06-16&rankRange=0-5000,2026-03-22T00:41:33Z
atp,2025-06-16,G628,Richard Gasquet,Richard Gasquet,171,332,https://www.atptour.com/en/rankings/singles?dateWeek=2025-06-16&rankRange=0-5000,2026-03-22T00:41:33Z
atp,2025-06-16,HB48,Calvin Hemery,Calvin Hemery,172,331,https://www.atptour.com/en/rankings/singles?dateWeek=2025-06-16&rankRange=0-5000,2026-03-22T00:41:33Z
atp,2025-06-16,K0E6,Alibek Kachmazov,Alibek Kachmazov,173,322,https://www.atptour.com/en/rankings/singles?dateWeek=2025-06-16&rankRange=0-5000,2026-03-22T00:41:33Z
atp,2025-06-16,W0BH,Coleman Wong,Coleman Wong,174,321,https://www.atptour.com/en/rankings/singles?dateWeek=2025-06-16&rankRange=0-5000,2026-03-22T00:41:33Z
atp,2025-06-16,P0HW,Dino Prizmic,Dino Prizmic,175,320,https://www.atptour.com/en/rankings/singles?dateWeek=2025-06-16&rankRange=0-5000,2026-03-22T00:41:33Z
atp,2025-06-16,D0H9,Guy Den Ouden,Guy Den Ouden,176,317,https://www.atptour.com/en/rankings/singles?dateWeek=2025-06-16&rankRange=0-5000,2026-03-22T00:41:33Z
atp,2025-06-16,G0DH,Alvaro Guillen Meza,Alvaro Guillen Meza,177,317,https://www.atptour.com/en/rankings/singles?dateWeek=2025-06-16&rankRange=0-5000,2026-03-22T00:41:33Z
atp,2025-06-16,GF95,Hugo Grenier,Hugo Grenier,178,316,https://www.atptour.com/en/rankings/singles?dateWeek=2025-06-16&rankRange=0-5000,2026-03-22T00:41:33Z
atp,2025-06-16,BV16,Ugo Blanchet,Ugo Blanchet,179,314,https://www.atptour.com/en/rankings/singles?dateWeek=2025-06-16&rankRange=0-5000,2026-03-22T00:41:33Z
atp,2025-06-16,KI63,Lukas Klein,Lukas Klein,180,314,https://www.atptour.com/en/rankings/singles?dateWeek=2025-06-16&rankRange=0-5000,2026-03-22T00:41:33Z
atp,2025-06-16,PG20,Dmitry Popko,Dmitry Popko,181,313,https://www.atptour.com/en/rankings/singles?dateWeek=2025-06-16&rankRange=0-5000,2026-03-22T00:41:33Z
atp,2025-06-16,WB08,Yosuke Watanuki,Yosuke Watanuki,182,312,https://www.atptour.com/en/rankings/singles?dateWeek=2025-06-16&rankRange=0-5000,2026-03-22T00:41:33Z
atp,2025-06-16,M0OQ,James McCabe,James Mccabe,183,308,https://www.atptour.com/en/rankings/singles?dateWeek=2025-06-16&rankRange=0-5000,2026-03-22T00:41:33Z
atp,2025-06-16,A0CJ,Duje Ajdukovic,Duje Ajdukovic,184,307,https://www.atptour.com/en/rankings/singles?dateWeek=2025-06-16&rankRange=0-5000,2026-03-22T00:41:33Z
atp,2025-06-16,A0BA,Federico Arnaboldi,Federico Arnaboldi,185,307,https://www.atptour.com/en/rankings/singles?dateWeek=2025-06-16&rankRange=0-5000,2026-03-22T00:41:33Z
atp,2025-06-16,V0DZ,Luca Van Assche,Luca Van Assche,186,301,https://www.atptour.com/en/rankings/singles?dateWeek=2025-06-16&rankRange=0-5000,2026-03-22T00:41:33Z
atp,2025-06-16,H09N,August Holmgren,August Holmgren,187,301,https://www.atptour.com/en/rankings/singles?dateWeek=2025-06-16&rankRange=0-5000,2026-03-22T00:41:33Z
atp,2025-06-16,LB66,Constant Lestienne,Constant Lestienne,188,296,https://www.atptour.com/en/rankings/singles?dateWeek=2025-06-16&rankRange=0-5000,2026-03-22T00:41:33Z
atp,2025-06-16,SY67,Sho Shimabukuro,Sho Shimabukuro,189,295,https://www.atptour.com/en/rankings/singles?dateWeek=2025-06-16&rankRange=0-5000,2026-03-22T00:41:33Z
atp,2025-06-16,RC04,Alexander Ritschard,Alexander Ritschard,190,294,https://www.atptour.com/en/rankings/singles?dateWeek=2025-06-16&rankRange=0-5000,2026-03-22T00:41:33Z
atp,2025-06-16,K926,Mikhail Kukushkin,Mikhail Kukushkin,191,294,https://www.atptour.com/en/rankings/singles?dateWeek=2025-06-16&rankRange=0-5000,2026-03-22T00:41:33Z
atp,2025-06-16,C0HT,Murphy Cassone,Murphy Cassone,192,294,https://www.atptour.com/en/rankings/singles?dateWeek=2025-06-16&rankRange=0-5000,2026-03-22T00:41:33Z
atp,2025-06-16,RH59,Santiago Rodriguez Taverna,Santiago Rodriguez Taverna,193,288,https://www.atptour.com/en/rankings/singles?dateWeek=2025-06-16&rankRange=0-5000,2026-03-22T00:41:33Z
atp,2025-06-16,BI81,Alex Bolt,Alex Bolt,194,284,https://www.atptour.com/en/rankings/singles?dateWeek=2025-06-16&rankRange=0-5000,2026-03-22T00:41:33Z
atp,2025-06-16,HG94,Benjamin Hassan,Benjamin Hassan,195,284,https://www.atptour.com/en/rankings/singles?dateWeek=2025-06-16&rankRange=0-5000,2026-03-22T00:41:33Z
atp,2025-06-16,CI14,Jay Clarke,Jay Clarke,196,283,https://www.atptour.com/en/rankings/singles?dateWeek=2025-06-16&rankRange=0-5000,2026-03-22T00:41:33Z
atp,2025-06-16,S0K7,Zachary Svajda,Zachary Svajda,197,281,https://www.atptour.com/en/rankings/singles?dateWeek=2025-06-16&rankRange=0-5000,2026-03-22T00:41:33Z
atp,2025-06-16,D0CG,Facundo Diaz Acosta,Facundo Diaz Acosta,198,277,https://www.atptour.com/en/rankings/singles?dateWeek=2025-06-16&rankRange=0-5000,2026-03-22T00:41:33Z
atp,2025-06-16,E687,Daniel Evans,Daniel Evans,199,275,https://www.atptour.com/en/rankings/singles?dateWeek=2025-06-16&rankRange=0-5000,2026-03-22T00:41:33Z
atp,2025-06-16,KB95,Jason Kubler,Jason Kubler,200,275,https://www.atptour.com/en/rankings/singles?dateWeek=2025-06-16&rankRange=0-5000,2026-03-22T00:41:33Z
atp,2025-06-16,O0A2,Gauthier Onclin,Gauthier Onclin,201,274,https://www.atptour.com/en/rankings/singles?dateWeek=2025-06-16&rankRange=0-5000,2026-03-22T00:41:33Z
atp,2025-06-16,T0BW,James Trotter,James Trotter,202,274,https://www.atptour.com/en/rankings/singles?dateWeek=2025-06-16&rankRange=0-5000,2026-03-22T00:41:33Z
atp,2025-06-16,J553,Omar Jasika,Omar Jasika,203,271,https://www.atptour.com/en/rankings/singles?dateWeek=2025-06-16&rankRange=0-5000,2026-03-22T00:41:33Z
atp,2025-06-16,M0EA,Pol Martin Tiffon,Pol Martin Tiffon,204,271,https://www.atptour.com/en/rankings/singles?dateWeek=2025-06-16&rankRange=0-5000,2026-03-22T00:41:33Z
atp,2025-06-16,U134,Yasutaka Uchiyama,Yasutaka Uchiyama,205,269,https://www.atptour.com/en/rankings/singles?dateWeek=2025-06-16&rankRange=0-5000,2026-03-22T00:41:33Z
atp,2025-06-16,R09X,Jurij Rodionov,Jurij Rodionov,206,269,https://www.atptour.com/en/rankings/singles?dateWeek=2025-06-16&rankRange=0-5000,2026-03-22T00:41:33Z
atp,2025-06-16,GK06,Alexis Galarneau,Alexis Galarneau,207,265,https://www.atptour.com/en/rankings/singles?dateWeek=2025-06-16&rankRange=0-5000,2026-03-22T00:41:33Z
atp,2025-06-16,CH12,Jan Choinski,Jan Choinski,208,264,https://www.atptour.com/en/rankings/singles?dateWeek=2025-06-16&rankRange=0-5000,2026-03-22T00:41:33Z
atp,2025-06-16,SS25,Vitaliy Sachko,Vitaliy Sachko,209,264,https://www.atptour.com/en/rankings/singles?dateWeek=2025-06-16&rankRange=0-5000,2026-03-22T00:41:33Z
atp,2025-06-16,B0ER,Arthur Bouquier,Arthur Bouquier,210,262,https://www.atptour.com/en/rankings/singles?dateWeek=2025-06-16&rankRange=0-5000,2026-03-22T00:41:33Z
atp,2025-06-16,MJ98,Facundo Mena,Facundo Mena,211,261,https://www.atptour.com/en/rankings/singles?dateWeek=2025-06-16&rankRange=0-5000,2026-03-22T00:41:33Z
atp,2025-06-16,R772,Albert Ramos-Vinolas,Albert Ramos Vinolas,212,257,https://www.atptour.com/en/rankings/singles?dateWeek=2025-06-16&rankRange=0-5000,2026-03-22T00:41:33Z
atp,2025-06-16,K09F,Pavel Kotov,Pavel Kotov,213,257,https://www.atptour.com/en/rankings/singles?dateWeek=2025-06-16&rankRange=0-5000,2026-03-22T00:41:33Z
atp,2025-06-16,M0HT,Alejandro Moro Canas,Alejandro Moro Canas,214,257,https://www.atptour.com/en/rankings/singles?dateWeek=2025-06-16&rankRange=0-5000,2026-03-22T00:41:33Z
atp,2025-06-16,S0GR,Timofey Skatov,Timofey Skatov,215,255,https://www.atptour.com/en/rankings/singles?dateWeek=2025-06-16&rankRange=0-5000,2026-03-22T00:41:33Z
atp,2025-06-16,R0FP,Daniel Rincon,Daniel Rincon,216,255,https://www.atptour.com/en/rankings/singles?dateWeek=2025-06-16&rankRange=0-5000,2026-03-22T00:41:33Z
atp,2025-06-16,T09X,Clement Tabur,Clement Tabur,217,254,https://www.atptour.com/en/rankings/singles?dateWeek=2025-06-16&rankRange=0-5000,2026-03-22T00:41:33Z
atp,2025-06-16,KC56,Aslan Karatsev,Aslan Karatsev,218,254,https://www.atptour.com/en/rankings/singles?dateWeek=2025-06-16&rankRange=0-5000,2026-03-22T00:41:33Z
atp,2025-06-16,GH92,Borna Gojo,Borna Gojo,219,253,https://www.atptour.com/en/rankings/singles?dateWeek=2025-06-16&rankRange=0-5000,2026-03-22T00:41:33Z
atp,2025-06-16,S0AQ,Yuta Shimizu,Yuta Shimizu,220,253,https://www.atptour.com/en/rankings/singles?dateWeek=2025-06-16&rankRange=0-5000,2026-03-22T00:41:33Z
atp,2025-06-16,N09U,Rio Noguchi,Rio Noguchi,221,251,https://www.atptour.com/en/rankings/singles?dateWeek=2025-06-16&rankRange=0-5000,2026-03-22T00:41:33Z
atp,2025-06-16,J09X,Filip Cristian Jianu,Filip Cristian Jianu,222,251,https://www.atptour.com/en/rankings/singles?dateWeek=2025-06-16&rankRange=0-5000,2026-03-22T00:41:33Z
atp,2025-06-16,DC48,Murkel Dellien,Murkel Dellien,223,250,https://www.atptour.com/en/rankings/singles?dateWeek=2025-06-16&rankRange=0-5000,2026-03-22T00:41:33Z
atp,2025-06-16,P0AY,Luka Pavlovic,Luka Pavlovic,224,249,https://www.atptour.com/en/rankings/singles?dateWeek=2025-06-16&rankRange=0-5000,2026-03-22T00:41:33Z
atp,2025-06-16,D0DW,Titouan Droguet,Titouan Droguet,225,249,https://www.atptour.com/en/rankings/singles?dateWeek=2025-06-16&rankRange=0-5000,2026-03-22T00:41:33Z
atp,2025-06-16,CC66,Andrea Collarini,Andrea Collarini,226,249,https://www.atptour.com/en/rankings/singles?dateWeek=2025-06-16&rankRange=0-5000,2026-03-22T00:41:33Z
atp,2025-06-16,BE69,Yan Bai,Yan Bai,227,248,https://www.atptour.com/en/rankings/singles?dateWeek=2025-06-16&rankRange=0-5000,2026-03-22T00:41:33Z
atp,2025-06-16,S0LA,Dominic Stricker,Dominic Stricker,228,247,https://www.atptour.com/en/rankings/singles?dateWeek=2025-06-16&rankRange=0-5000,2026-03-22T00:41:33Z
atp,2025-06-16,H0DU,Gustavo Heide,Gustavo Heide,229,247,https://www.atptour.com/en/rankings/singles?dateWeek=2025-06-16&rankRange=0-5000,2026-03-22T00:41:33Z
atp,2025-06-16,SR81,Khumoyun Sultanov,Khumoyun Sultanov,230,247,https://www.atptour.com/en/rankings/singles?dateWeek=2025-06-16&rankRange=0-5000,2026-03-22T00:41:33Z
atp,2025-06-16,S0O6,Ilia Simakin,Ilia Simakin,231,247,https://www.atptour.com/en/rankings/singles?dateWeek=2025-06-16&rankRange=0-5000,2026-03-22T00:41:33Z
atp,2025-06-16,M0ON,Johannus Monday,Johannus Monday,232,243,https://www.atptour.com/en/rankings/singles?dateWeek=2025-06-16&rankRange=0-5000,2026-03-22T00:41:33Z
atp,2025-06-16,E768,Antoine Escoffier,Antoine Escoffier,233,242,https://www.atptour.com/en/rankings/singles?dateWeek=2025-06-16&rankRange=0-5000,2026-03-22T00:41:33Z
atp,2025-06-16,K0A3,Patrick Kypson,Patrick Kypson,234,241,https://www.atptour.com/en/rankings/singles?dateWeek=2025-06-16&rankRange=0-5000,2026-03-22T00:41:33Z
atp,2025-06-16,E0DD,Justin Engel,Justin Engel,235,241,https://www.atptour.com/en/rankings/singles?dateWeek=2025-06-16&rankRange=0-5000,2026-03-22T00:41:33Z
atp,2025-06-16,DC76,Viktor Durasovic,Viktor Durasovic,236,241,https://www.atptour.com/en/rankings/singles?dateWeek=2025-06-16&rankRange=0-5000,2026-03-22T00:41:33Z
atp,2025-06-16,CG33,Kimmer Coppejans,Kimmer Coppejans,237,240,https://www.atptour.com/en/rankings/singles?dateWeek=2025-06-16&rankRange=0-5000,2026-03-22T00:41:33Z
atp,2025-06-16,F840,Nerman Fatic,Nerman Fatic,238,239,https://www.atptour.com/en/rankings/singles?dateWeek=2025-06-16&rankRange=0-5000,2026-03-22T00:41:33Z
atp,2025-06-16,DF88,Aziz Dougaz,Aziz Dougaz,239,236,https://www.atptour.com/en/rankings/singles?dateWeek=2025-06-16&rankRange=0-5000,2026-03-22T00:41:33Z
atp,2025-06-16,V0DP,Adolfo Daniel Vallejo,Adolfo Daniel Vallejo,240,236,https://www.atptour.com/en/rankings/singles?dateWeek=2025-06-16&rankRange=0-5000,2026-03-22T00:41:33Z
atp,2025-06-16,B0MM,Edas Butvilas,Edas Butvilas,241,235,https://www.atptour.com/en/rankings/singles?dateWeek=2025-06-16&rankRange=0-5000,2026-03-22T00:41:33Z
atp,2025-06-16,H09F,Yu Hsiou Hsu,Yu Hsiou Hsu,242,235,https://www.atptour.com/en/rankings/singles?dateWeek=2025-06-16&rankRange=0-5000,2026-03-22T00:41:33Z
atp,2025-06-16,TA46,Bernard Tomic,Bernard Tomic,243,235,https://www.atptour.com/en/rankings/singles?dateWeek=2025-06-16&rankRange=0-5000,2026-03-22T00:41:33Z
atp,2025-06-16,Z09Z,Beibit Zhukayev,Beibit Zhukayev,244,234,https://www.atptour.com/en/rankings/singles?dateWeek=2025-06-16&rankRange=0-5000,2026-03-22T00:41:33Z
atp,2025-06-16,M0AW,Nicolas Mejia,Nicolas Mejia,245,232,https://www.atptour.com/en/rankings/singles?dateWeek=2025-06-16&rankRange=0-5000,2026-03-22T00:41:33Z
atp,2025-06-16,SX90,Fajing Sun,Fajing Sun,246,231,https://www.atptour.com/en/rankings/singles?dateWeek=2025-06-16&rankRange=0-5000,2026-03-22T00:41:33Z
atp,2025-06-16,V836,Juan Pablo Varillas,Juan Pablo Varillas,247,231,https://www.atptour.com/en/rankings/singles?dateWeek=2025-06-16&rankRange=0-5000,2026-03-22T00:41:33Z
atp,2025-06-16,C0AK,Oliver Crawford,Oliver Crawford,248,229,https://www.atptour.com/en/rankings/singles?dateWeek=2025-06-16&rankRange=0-5000,2026-03-22T00:41:33Z
atp,2025-06-16,P0EA,Saba Purtseladze,Saba Purtseladze,249,229,https://www.atptour.com/en/rankings/singles?dateWeek=2025-06-16&rankRange=0-5000,2026-03-22T00:41:33Z
atp,2025-06-16,M0N7,Daniel Merida,Daniel Merida,250,228,https://www.atptour.com/en/rankings/singles?dateWeek=2025-06-16&rankRange=0-5000,2026-03-22T00:41:33Z
atp,2025-06-16,G09C,Marek Gengel,Marek Gengel,251,228,https://www.atptour.com/en/rankings/singles?dateWeek=2025-06-16&rankRange=0-5000,2026-03-22T00:41:33Z
atp,2025-06-16,C0BH,Clement Chidekh,Clement Chidekh,252,226,https://www.atptour.com/en/rankings/singles?dateWeek=2025-06-16&rankRange=0-5000,2026-03-22T00:41:33Z
atp,2025-06-16,KC33,Dimitar Kuzmanov,Dimitar Kuzmanov,253,225,https://www.atptour.com/en/rankings/singles?dateWeek=2025-06-16&rankRange=0-5000,2026-03-22T00:41:33Z
atp,2025-06-16,M0IF,Francesco Maestrelli,Francesco Maestrelli,254,224,https://www.atptour.com/en/rankings/singles?dateWeek=2025-06-16&rankRange=0-5000,2026-03-22T00:41:33Z
atp,2025-06-16,Y218,Elias Ymer,Elias Ymer,255,223,https://www.atptour.com/en/rankings/singles?dateWeek=2025-06-16&rankRange=0-5000,2026-03-22T00:41:33Z
atp,2025-06-16,H0CX,Max Houkes,Max Houkes,256,222,https://www.atptour.com/en/rankings/singles?dateWeek=2025-06-16&rankRange=0-5000,2026-03-22T00:41:33Z
atp,2025-06-16,S0EK,Matias Soto,Matias Soto,257,222,https://www.atptour.com/en/rankings/singles?dateWeek=2025-06-16&rankRange=0-5000,2026-03-22T00:41:33Z
atp,2025-06-16,D0HD,Gabriel Debru,Gabriel Debru,258,219,https://www.atptour.com/en/rankings/singles?dateWeek=2025-06-16&rankRange=0-5000,2026-03-22T00:41:33Z
atp,2025-06-16,P0J1,Rodrigo Pacheco Mendez,Rodrigo Pacheco Mendez,259,218,https://www.atptour.com/en/rankings/singles?dateWeek=2025-06-16&rankRange=0-5000,2026-03-22T00:41:33Z
atp,2025-06-16,S0MN,Marat Sharipov,Marat Sharipov,260,217,https://www.atptour.com/en/rankings/singles?dateWeek=2025-06-16&rankRange=0-5000,2026-03-22T00:41:33Z
atp,2025-06-16,SN54,Frederico Ferreira Silva,Frederico Ferreira Silva,261,217,https://www.atptour.com/en/rankings/singles?dateWeek=2025-06-16&rankRange=0-5000,2026-03-22T00:41:33Z
atp,2025-06-16,G0GW,Sascha Gueymard Wayenburg,Sascha Gueymard Wayenburg,262,217,https://www.atptour.com/en/rankings/singles?dateWeek=2025-06-16&rankRange=0-5000,2026-03-22T00:41:33Z
atp,2025-06-16,MN13,Maximilian Marterer,Maximilian Marterer,263,216,https://www.atptour.com/en/rankings/singles?dateWeek=2025-06-16&rankRange=0-5000,2026-03-22T00:41:33Z
atp,2025-06-16,J0A4,Paul Jubb,Paul Jubb,264,215,https://www.atptour.com/en/rankings/singles?dateWeek=2025-06-16&rankRange=0-5000,2026-03-22T00:41:33Z
atp,2025-06-16,P0GQ,Mili Poljicak,Mili Poljicak,265,215,https://www.atptour.com/en/rankings/singles?dateWeek=2025-06-16&rankRange=0-5000,2026-03-22T00:41:33Z
atp,2025-06-16,R0A7,Joao Lucas Reis Da Silva,Joao Lucas Reis Da Silva,266,214,https://www.atptour.com/en/rankings/singles?dateWeek=2025-06-16&rankRange=0-5000,2026-03-22T00:41:33Z
atp,2025-06-16,VA25,Valentin Vacherot,Valentin Vacherot,267,213,https://www.atptour.com/en/rankings/singles?dateWeek=2025-06-16&rankRange=0-5000,2026-03-22T00:41:33Z
atp,2025-06-16,GE28,Ivan Gakhov,Ivan Gakhov,268,211,https://www.atptour.com/en/rankings/singles?dateWeek=2025-06-16&rankRange=0-5000,2026-03-22T00:41:33Z
atp,2025-06-16,R0ED,Max Hans Rehberg,Max Hans Rehberg,269,210,https://www.atptour.com/en/rankings/singles?dateWeek=2025-06-16&rankRange=0-5000,2026-03-22T00:41:33Z
atp,2025-06-16,Y171,Denis Yevseyev,Denis Yevseyev,270,210,https://www.atptour.com/en/rankings/singles?dateWeek=2025-06-16&rankRange=0-5000,2026-03-22T00:41:33Z
atp,2025-06-16,PH78,Ryan Peniston,Ryan Peniston,271,206,https://www.atptour.com/en/rankings/singles?dateWeek=2025-06-16&rankRange=0-5000,2026-03-22T00:41:33Z
atp,2025-06-16,E0AC,Mathys Erhard,Mathys Erhard,272,206,https://www.atptour.com/en/rankings/singles?dateWeek=2025-06-16&rankRange=0-5000,2026-03-22T00:41:33Z
atp,2025-06-16,S0CG,Carlos Sanchez Jover,Carlos Sanchez Jover,273,205,https://www.atptour.com/en/rankings/singles?dateWeek=2025-06-16&rankRange=0-5000,2026-03-22T00:41:33Z
atp,2025-06-16,BU54,Geoffrey Blancaneaux,Geoffrey Blancaneaux,274,203,https://www.atptour.com/en/rankings/singles?dateWeek=2025-06-16&rankRange=0-5000,2026-03-22T00:41:33Z
atp,2025-06-16,GG65,Michael Geerts,Michael Geerts,275,203,https://www.atptour.com/en/rankings/singles?dateWeek=2025-06-16&rankRange=0-5000,2026-03-22T00:41:33Z
atp,2025-06-16,T0FI,Marko Topo,Marko Topo,276,202,https://www.atptour.com/en/rankings/singles?dateWeek=2025-06-16&rankRange=0-5000,2026-03-22T00:41:33Z
atp,2025-06-16,W857,Tung-Lin Wu,Tung Lin Wu,277,201,https://www.atptour.com/en/rankings/singles?dateWeek=2025-06-16&rankRange=0-5000,2026-03-22T00:41:33Z
atp,2025-06-16,Z09F,Patrick Zahraj,Patrick Zahraj,278,199,https://www.atptour.com/en/rankings/singles?dateWeek=2025-06-16&rankRange=0-5000,2026-03-22T00:41:33Z
atp,2025-06-16,C0NB,Federico Cina,Federico Cina,279,198,https://www.atptour.com/en/rankings/singles?dateWeek=2025-06-16&rankRange=0-5000,2026-03-22T00:41:33Z
atp,2025-06-16,C0HB,Eliakim Coulibaly,Eliakim Coulibaly,280,197,https://www.atptour.com/en/rankings/singles?dateWeek=2025-06-16&rankRange=0-5000,2026-03-22T00:41:33Z
atp,2025-06-16,AG08,Andres Andrade,Andres Andrade,281,197,https://www.atptour.com/en/rankings/singles?dateWeek=2025-06-16&rankRange=0-5000,2026-03-22T00:41:33Z
atp,2025-06-16,P0HT,Jack Pinnington Jones,Jack Pinnington Jones,282,196,https://www.atptour.com/en/rankings/singles?dateWeek=2025-06-16&rankRange=0-5000,2026-03-22T00:41:33Z
atp,2025-06-16,WB32,Yibing Wu,Yibing Wu,283,193,https://www.atptour.com/en/rankings/singles?dateWeek=2025-06-16&rankRange=0-5000,2026-03-22T00:41:33Z
atp,2025-06-16,SM88,Karue Sell,Karue Sell,284,191,https://www.atptour.com/en/rankings/singles?dateWeek=2025-06-16&rankRange=0-5000,2026-03-22T00:41:33Z
atp,2025-06-16,M0OH,Lautaro Midon,Lautaro Midon,285,191,https://www.atptour.com/en/rankings/singles?dateWeek=2025-06-16&rankRange=0-5000,2026-03-22T00:41:33Z
atp,2025-06-16,P0DF,Matheus Pucinelli De Almeida,Matheus Pucinelli De Almeida,286,188,https://www.atptour.com/en/rankings/singles?dateWeek=2025-06-16&rankRange=0-5000,2026-03-22T00:41:33Z
atp,2025-06-16,RH24,Emil Ruusuvuori,Emil Ruusuvuori,287,186,https://www.atptour.com/en/rankings/singles?dateWeek=2025-06-16&rankRange=0-5000,2026-03-22T00:41:33Z
atp,2025-06-16,N731,Christoph Negritu,Christoph Negritu,288,186,https://www.atptour.com/en/rankings/singles?dateWeek=2025-06-16&rankRange=0-5000,2026-03-22T00:41:33Z
atp,2025-06-16,O482,Gonzalo Oliveira,Gonzalo Oliveira,289,185,https://www.atptour.com/en/rankings/singles?dateWeek=2025-06-16&rankRange=0-5000,2026-03-22T00:41:33Z
atp,2025-06-16,O660,Genaro Alberto Olivieri,Genaro Alberto Olivieri,290,183,https://www.atptour.com/en/rankings/singles?dateWeek=2025-06-16&rankRange=0-5000,2026-03-22T00:41:33Z
atp,2025-06-16,G0IX,Arthur Gea,Arthur Gea,291,183,https://www.atptour.com/en/rankings/singles?dateWeek=2025-06-16&rankRange=0-5000,2026-03-22T00:41:33Z
atp,2025-06-16,MW76,Matteo Martineau,Matteo Martineau,292,182,https://www.atptour.com/en/rankings/singles?dateWeek=2025-06-16&rankRange=0-5000,2026-03-22T00:41:33Z
atp,2025-06-16,A829,Radu Albot,Radu Albot,293,180,https://www.atptour.com/en/rankings/singles?dateWeek=2025-06-16&rankRange=0-5000,2026-03-22T00:41:33Z
atp,2025-06-16,S0UV,Rei Sakamoto,Rei Sakamoto,294,179,https://www.atptour.com/en/rankings/singles?dateWeek=2025-06-16&rankRange=0-5000,2026-03-22T00:41:33Z
atp,2025-06-16,GA79,Lorenzo Giustino,Lorenzo Giustino,295,179,https://www.atptour.com/en/rankings/singles?dateWeek=2025-06-16&rankRange=0-5000,2026-03-22T00:41:33Z
atp,2025-06-16,C0AJ,Jie Cui,Jie Cui,296,178,https://www.atptour.com/en/rankings/singles?dateWeek=2025-06-16&rankRange=0-5000,2026-03-22T00:41:33Z
atp,2025-06-16,DF92,Corentin Denolly,Corentin Denolly,297,177,https://www.atptour.com/en/rankings/singles?dateWeek=2025-06-16&rankRange=0-5000,2026-03-22T00:41:33Z
atp,2025-06-16,BO10,Gijs Brouwer,Gijs Brouwer,298,175,https://www.atptour.com/en/rankings/singles?dateWeek=2025-06-16&rankRange=0-5000,2026-03-22T00:41:33Z
atp,2025-06-16,Z0CQ,Yi Zhou,Yi Zhou,299,174,https://www.atptour.com/en/rankings/singles?dateWeek=2025-06-16&rankRange=0-5000,2026-03-22T00:41:33Z
atp,2025-06-16,N897,Sumit Nagal,Sumit Nagal,300,173,https://www.atptour.com/en/rankings/singles?dateWeek=2025-06-16&rankRange=0-5000,2026-03-22T00:41:33Z
atp,2025-06-16,M0E1,Daniel Michalski,Daniel Michalski,301,173,https://www.atptour.com/en/rankings/singles?dateWeek=2025-06-16&rankRange=0-5000,2026-03-22T00:41:33Z
atp,2025-06-16,T0DM,Juan Bautista Torres,Juan Bautista Torres,302,173,https://www.atptour.com/en/rankings/singles?dateWeek=2025-06-16&rankRange=0-5000,2026-03-22T00:41:33Z
atp,2025-06-16,L0CF,George Loffhagen,George Loffhagen,303,172,https://www.atptour.com/en/rankings/singles?dateWeek=2025-06-16&rankRange=0-5000,2026-03-22T00:41:33Z
atp,2025-06-16,TA12,Stefano Travaglia,Stefano Travaglia,304,172,https://www.atptour.com/en/rankings/singles?dateWeek=2025-06-16&rankRange=0-5000,2026-03-22T00:41:33Z
atp,2025-06-16,A09U,Nicolas Alvarez Varona,Nicolas Alvarez Varona,305,171,https://www.atptour.com/en/rankings/singles?dateWeek=2025-06-16&rankRange=0-5000,2026-03-22T00:41:33Z
atp,2025-06-16,O376,Renzo Olivo,Renzo Olivo,306,171,https://www.atptour.com/en/rankings/singles?dateWeek=2025-06-16&rankRange=0-5000,2026-03-22T00:41:33Z
atp,2025-06-16,B0U4,Nicolai Budkov Kjaer,Nicolai Budkov Kjaer,307,169,https://www.atptour.com/en/rankings/singles?dateWeek=2025-06-16&rankRange=0-5000,2026-03-22T00:41:33Z
atp,2025-06-16,EA27,Blake Ellis,Blake Ellis,308,169,https://www.atptour.com/en/rankings/singles?dateWeek=2025-06-16&rankRange=0-5000,2026-03-22T00:41:33Z
atp,2025-06-16,MF35,Andrej Martin,Andrej Martin,309,168,https://www.atptour.com/en/rankings/singles?dateWeek=2025-06-16&rankRange=0-5000,2026-03-22T00:41:33Z
atp,2025-06-16,B0GR,Gonzalo Bueno,Gonzalo Bueno,310,168,https://www.atptour.com/en/rankings/singles?dateWeek=2025-06-16&rankRange=0-5000,2026-03-22T00:41:33Z
atp,2025-06-16,HG86,Lloyd Harris,Lloyd Harris,311,167,https://www.atptour.com/en/rankings/singles?dateWeek=2025-06-16&rankRange=0-5000,2026-03-22T00:41:33Z
atp,2025-06-16,P0IY,Juan Carlos Prado Angelo,Juan Carlos Prado Angelo,312,167,https://www.atptour.com/en/rankings/singles?dateWeek=2025-06-16&rankRange=0-5000,2026-03-22T00:41:33Z
atp,2025-06-16,BE90,Ricardas Berankis,Ricardas Berankis,313,166,https://www.atptour.com/en/rankings/singles?dateWeek=2025-06-16&rankRange=0-5000,2026-03-22T00:41:33Z
atp,2025-06-16,M0NB,Aidan Mayo,Aidan Mayo,314,166,https://www.atptour.com/en/rankings/singles?dateWeek=2025-06-16&rankRange=0-5000,2026-03-22T00:41:33Z
atp,2025-06-16,DG80,Enrico Dalla Valle,Enrico Dalla Valle,315,166,https://www.atptour.com/en/rankings/singles?dateWeek=2025-06-16&rankRange=0-5000,2026-03-22T00:41:33Z
atp,2025-06-16,Z0AK,Tyler Zink,Tyler Zink,316,164,https://www.atptour.com/en/rankings/singles?dateWeek=2025-06-16&rankRange=0-5000,2026-03-22T00:41:33Z
atp,2025-06-16,E698,Gastao Elias,Gastao Elias,317,163,https://www.atptour.com/en/rankings/singles?dateWeek=2025-06-16&rankRange=0-5000,2026-03-22T00:41:33Z
atp,2025-06-16,K0HC,Maks Kasnikowski,Maks Kasnikowski,318,162,https://www.atptour.com/en/rankings/singles?dateWeek=2025-06-16&rankRange=0-5000,2026-03-22T00:41:33Z
atp,2025-06-16,BV25,Javier Barranco Cosano,Javier Barranco Cosano,319,162,https://www.atptour.com/en/rankings/singles?dateWeek=2025-06-16&rankRange=0-5000,2026-03-22T00:41:33Z
atp,2025-06-16,D0AR,Mateus Alves,Mateus Alves,320,162,https://www.atptour.com/en/rankings/singles?dateWeek=2025-06-16&rankRange=0-5000,2026-03-22T00:41:33Z
atp,2025-06-16,SL94,Pedro Sakamoto,Pedro Sakamoto,321,160,https://www.atptour.com/en/rankings/singles?dateWeek=2025-06-16&rankRange=0-5000,2026-03-22T00:41:33Z
atp,2025-06-16,S0GV,Robert Strombachs,Robert Strombachs,322,159,https://www.atptour.com/en/rankings/singles?dateWeek=2025-06-16&rankRange=0-5000,2026-03-22T00:41:33Z
atp,2025-06-16,B0LQ,Petr Bar Biryukov,Petr Bar Biryukov,323,159,https://www.atptour.com/en/rankings/singles?dateWeek=2025-06-16&rankRange=0-5000,2026-03-22T00:41:33Z
atp,2025-06-16,SO20,Jelle Sels,Jelle Sels,324,159,https://www.atptour.com/en/rankings/singles?dateWeek=2025-06-16&rankRange=0-5000,2026-03-22T00:41:33Z
atp,2025-06-16,BU70,Remy Bertola,Remy Bertola,325,159,https://www.atptour.com/en/rankings/singles?dateWeek=2025-06-16&rankRange=0-5000,2026-03-22T00:41:33Z
atp,2025-06-16,B0GY,Alex Barrena,Alex Barrena,326,158,https://www.atptour.com/en/rankings/singles?dateWeek=2025-06-16&rankRange=0-5000,2026-03-22T00:41:33Z
atp,2025-06-16,BU10,Jacopo Berrettini,Jacopo Berrettini,327,158,https://www.atptour.com/en/rankings/singles?dateWeek=2025-06-16&rankRange=0-5000,2026-03-22T00:41:33Z
atp,2025-06-16,GB93,Norbert Gombos,Norbert Gombos,328,157,https://www.atptour.com/en/rankings/singles?dateWeek=2025-06-16&rankRange=0-5000,2026-03-22T00:41:33Z
atp,2025-06-16,A0AB,Adrian Andreev,Adrian Andreev,329,157,https://www.atptour.com/en/rankings/singles?dateWeek=2025-06-16&rankRange=0-5000,2026-03-22T00:41:33Z
atp,2025-06-16,C0B2,Cezar Cretu,Cezar Cretu,330,157,https://www.atptour.com/en/rankings/singles?dateWeek=2025-06-16&rankRange=0-5000,2026-03-22T00:41:33Z
atp,2025-06-16,MP01,Michael Mmoh,Michael Mmoh,331,156,https://www.atptour.com/en/rankings/singles?dateWeek=2025-06-16&rankRange=0-5000,2026-03-22T00:41:33Z
atp,2025-06-16,N707,Naoki Nakagawa,Naoki Nakagawa,332,156,https://www.atptour.com/en/rankings/singles?dateWeek=2025-06-16&rankRange=0-5000,2026-03-22T00:41:33Z
atp,2025-06-16,B0LW,Mika Brunold,Mika Brunold,333,156,https://www.atptour.com/en/rankings/singles?dateWeek=2025-06-16&rankRange=0-5000,2026-03-22T00:41:33Z
atp,2025-06-16,O0BE,Oleksandr Ovcharenko,Oleksandr Ovcharenko,334,156,https://www.atptour.com/en/rankings/singles?dateWeek=2025-06-16&rankRange=0-5000,2026-03-22T00:41:33Z
atp,2025-06-16,V717,Alexey Vatutin,Alexey Vatutin,335,156,https://www.atptour.com/en/rankings/singles?dateWeek=2025-06-16&rankRange=0-5000,2026-03-22T00:41:33Z
atp,2025-06-16,VA08,Andrea Vavassori,Andrea Vavassori,336,155,https://www.atptour.com/en/rankings/singles?dateWeek=2025-06-16&rankRange=0-5000,2026-03-22T00:41:33Z
atp,2025-06-16,M0RE,Patrick Maloney,Patrick Maloney,337,154,https://www.atptour.com/en/rankings/singles?dateWeek=2025-06-16&rankRange=0-5000,2026-03-22T00:41:33Z
atp,2025-06-16,S0NV,Abdullah Shelbayh,Abdullah Shelbayh,338,154,https://www.atptour.com/en/rankings/singles?dateWeek=2025-06-16&rankRange=0-5000,2026-03-22T00:41:33Z
atp,2025-06-16,M0EY,Alex Marti Pujolras,Alex Marti Pujolras,339,153,https://www.atptour.com/en/rankings/singles?dateWeek=2025-06-16&rankRange=0-5000,2026-03-22T00:41:33Z
atp,2025-06-16,I426,Masamichi Imamura,Masamichi Imamura,340,150,https://www.atptour.com/en/rankings/singles?dateWeek=2025-06-16&rankRange=0-5000,2026-03-22T00:41:33Z
atp,2025-06-16,S0GZ,Nikolas Sanchez Izquierdo,Nikolas Sanchez Izquierdo,341,150,https://www.atptour.com/en/rankings/singles?dateWeek=2025-06-16&rankRange=0-5000,2026-03-22T00:41:33Z
atp,2025-06-16,B0OU,Hynek Barton,Hynek Barton,342,148,https://www.atptour.com/en/rankings/singles?dateWeek=2025-06-16&rankRange=0-5000,2026-03-22T00:41:33Z
atp,2025-06-16,SG56,Daniel Dutra da Silva,Daniel Dutra Da Silva,343,147,https://www.atptour.com/en/rankings/singles?dateWeek=2025-06-16&rankRange=0-5000,2026-03-22T00:41:33Z
atp,2025-06-16,A09T,Dan Added,Dan Added,344,146,https://www.atptour.com/en/rankings/singles?dateWeek=2025-06-16&rankRange=0-5000,2026-03-22T00:41:33Z
atp,2025-06-16,LI10,Christian Langmo,Christian Langmo,345,145,https://www.atptour.com/en/rankings/singles?dateWeek=2025-06-16&rankRange=0-5000,2026-03-22T00:41:33Z
atp,2025-06-16,RB60,Oriol Roca Batalla,Oriol Roca Batalla,346,144,https://www.atptour.com/en/rankings/singles?dateWeek=2025-06-16&rankRange=0-5000,2026-03-22T00:41:33Z
atp,2025-06-16,A0IK,Luciano Emanuel Ambrogi,Luciano Emanuel Ambrogi,347,144,https://www.atptour.com/en/rankings/singles?dateWeek=2025-06-16&rankRange=0-5000,2026-03-22T00:41:33Z
atp,2025-06-16,KE73,Dominik Koepfer,Dominik Koepfer,348,143,https://www.atptour.com/en/rankings/singles?dateWeek=2025-06-16&rankRange=0-5000,2026-03-22T00:41:33Z
atp,2025-06-16,P0K4,Tiago Pereira,Tiago Pereira,349,143,https://www.atptour.com/en/rankings/singles?dateWeek=2025-06-16&rankRange=0-5000,2026-03-22T00:41:33Z
atp,2025-06-16,J0B5,Garrett Johns,Garrett Johns,350,142,https://www.atptour.com/en/rankings/singles?dateWeek=2025-06-16&rankRange=0-5000,2026-03-22T00:41:33Z
atp,2025-06-16,I0A7,Nicholas David Ionel,Nicholas David Ionel,351,142,https://www.atptour.com/en/rankings/singles?dateWeek=2025-06-16&rankRange=0-5000,2026-03-22T00:41:33Z
atp,2025-06-16,R0BT,Franco Roncadelli,Franco Roncadelli,352,141,https://www.atptour.com/en/rankings/singles?dateWeek=2025-06-16&rankRange=0-5000,2026-03-22T00:41:33Z
atp,2025-06-16,BK24,Gregoire Barrere,Gregoire Barrere,353,140,https://www.atptour.com/en/rankings/singles?dateWeek=2025-06-16&rankRange=0-5000,2026-03-22T00:41:33Z
atp,2025-06-16,M0NP,Andres Martin,Andres Martin,354,140,https://www.atptour.com/en/rankings/singles?dateWeek=2025-06-16&rankRange=0-5000,2026-03-22T00:41:33Z
atp,2025-06-16,BV24,Raul Brancaccio,Raul Brancaccio,355,139,https://www.atptour.com/en/rankings/singles?dateWeek=2025-06-16&rankRange=0-5000,2026-03-22T00:41:33Z
atp,2025-06-16,P0D0,Jakub Paul,Jakub Paul,356,139,https://www.atptour.com/en/rankings/singles?dateWeek=2025-06-16&rankRange=0-5000,2026-03-22T00:41:33Z
atp,2025-06-16,S0AK,Henri Squire,Henri Squire,357,139,https://www.atptour.com/en/rankings/singles?dateWeek=2025-06-16&rankRange=0-5000,2026-03-22T00:41:33Z
atp,2025-06-16,B0C0,Adrian Boitan,Adrian Boitan,358,138,https://www.atptour.com/en/rankings/singles?dateWeek=2025-06-16&rankRange=0-5000,2026-03-22T00:41:33Z
atp,2025-06-16,PL64,Oleg Prihodko,Oleg Prihodko,359,137,https://www.atptour.com/en/rankings/singles?dateWeek=2025-06-16&rankRange=0-5000,2026-03-22T00:41:33Z
atp,2025-06-16,Z419,Bernabe Zapata Miralles,Bernabe Zapata Miralles,360,137,https://www.atptour.com/en/rankings/singles?dateWeek=2025-06-16&rankRange=0-5000,2026-03-22T00:41:33Z
atp,2025-06-16,D0L3,Matej Dodig,Matej Dodig,361,137,https://www.atptour.com/en/rankings/singles?dateWeek=2025-06-16&rankRange=0-5000,2026-03-22T00:41:33Z
atp,2025-06-16,D0LJ,Diego Dedura,Diego Dedura,362,137,https://www.atptour.com/en/rankings/singles?dateWeek=2025-06-16&rankRange=0-5000,2026-03-22T00:41:33Z
atp,2025-06-16,M0AC,Rudolf Molleker,Rudolf Molleker,363,137,https://www.atptour.com/en/rankings/singles?dateWeek=2025-06-16&rankRange=0-5000,2026-03-22T00:41:33Z
atp,2025-06-16,RH62,Mats Rosenkranz,Mats Rosenkranz,364,134,https://www.atptour.com/en/rankings/singles?dateWeek=2025-06-16&rankRange=0-5000,2026-03-22T00:41:33Z
atp,2025-06-16,KE64,Stefan Kozlov,Stefan Kozlov,365,133,https://www.atptour.com/en/rankings/singles?dateWeek=2025-06-16&rankRange=0-5000,2026-03-22T00:41:33Z
atp,2025-06-16,CF88,Roberto Cid Subervi,Roberto Cid Subervi,366,133,https://www.atptour.com/en/rankings/singles?dateWeek=2025-06-16&rankRange=0-5000,2026-03-22T00:41:33Z
atp,2025-06-16,I0B0,Andre Ilagan,Andre Ilagan,367,133,https://www.atptour.com/en/rankings/singles?dateWeek=2025-06-16&rankRange=0-5000,2026-03-22T00:41:33Z
atp,2025-06-16,Z0A1,Giulio Zeppieri,Giulio Zeppieri,368,132,https://www.atptour.com/en/rankings/singles?dateWeek=2025-06-16&rankRange=0-5000,2026-03-22T00:41:33Z
atp,2025-06-16,B0BU,Florent Bax,Florent Bax,369,132,https://www.atptour.com/en/rankings/singles?dateWeek=2025-06-16&rankRange=0-5000,2026-03-22T00:41:33Z
atp,2025-06-16,N0AL,Govind Nanda,Govind Nanda,370,132,https://www.atptour.com/en/rankings/singles?dateWeek=2025-06-16&rankRange=0-5000,2026-03-22T00:41:33Z
atp,2025-06-16,G0AO,Alastair Gray,Alastair Gray,371,130,https://www.atptour.com/en/rankings/singles?dateWeek=2025-06-16&rankRange=0-5000,2026-03-22T00:41:33Z
atp,2025-06-16,K0HG,Milos Karol,Milos Karol,372,130,https://www.atptour.com/en/rankings/singles?dateWeek=2025-06-16&rankRange=0-5000,2026-03-22T00:41:33Z
atp,2025-06-16,PJ74,Lucas Poullain,Lucas Poullain,373,130,https://www.atptour.com/en/rankings/singles?dateWeek=2025-06-16&rankRange=0-5000,2026-03-22T00:41:33Z
atp,2025-06-16,HC21,Seongchan Hong,Seongchan Hong,374,129,https://www.atptour.com/en/rankings/singles?dateWeek=2025-06-16&rankRange=0-5000,2026-03-22T00:41:33Z
atp,2025-06-16,EA13,Moez Echargui,Moez Echargui,375,129,https://www.atptour.com/en/rankings/singles?dateWeek=2025-06-16&rankRange=0-5000,2026-03-22T00:41:33Z
atp,2025-06-16,FC49,Giovanni Fonio,Giovanni Fonio,376,127,https://www.atptour.com/en/rankings/singles?dateWeek=2025-06-16&rankRange=0-5000,2026-03-22T00:41:33Z
atp,2025-06-16,K0EU,Toby Kodat,Toby Kodat,377,127,https://www.atptour.com/en/rankings/singles?dateWeek=2025-06-16&rankRange=0-5000,2026-03-22T00:41:33Z
atp,2025-06-16,B0EK,Moerani Bouzige,Moerani Bouzige,378,127,https://www.atptour.com/en/rankings/singles?dateWeek=2025-06-16&rankRange=0-5000,2026-03-22T00:41:33Z
atp,2025-06-16,H0DC,Giles Hussey,Giles Hussey,379,126,https://www.atptour.com/en/rankings/singles?dateWeek=2025-06-16&rankRange=0-5000,2026-03-22T00:41:33Z
atp,2025-06-16,B0JJ,Robin Bertrand,Robin Bertrand,380,126,https://www.atptour.com/en/rankings/singles?dateWeek=2025-06-16&rankRange=0-5000,2026-03-22T00:41:33Z
atp,2025-06-16,KC04,Jozef Kovalik,Jozef Kovalik,381,125,https://www.atptour.com/en/rankings/singles?dateWeek=2025-06-16&rankRange=0-5000,2026-03-22T00:41:33Z
atp,2025-06-16,CH27,Hyeon Chung,Hyeon Chung,382,125,https://www.atptour.com/en/rankings/singles?dateWeek=2025-06-16&rankRange=0-5000,2026-03-22T00:41:33Z
atp,2025-06-16,S0BT,Adria Soriano Barrera,Adria Soriano Barrera,383,125,https://www.atptour.com/en/rankings/singles?dateWeek=2025-06-16&rankRange=0-5000,2026-03-22T00:41:33Z
atp,2025-06-16,M0N1,Luka Mikrut,Luka Mikrut,384,125,https://www.atptour.com/en/rankings/singles?dateWeek=2025-06-16&rankRange=0-5000,2026-03-22T00:41:33Z
atp,2025-06-16,A0EA,Max Alcala Gurri,Max Alcala Gurri,385,125,https://www.atptour.com/en/rankings/singles?dateWeek=2025-06-16&rankRange=0-5000,2026-03-22T00:41:33Z
atp,2025-06-16,PL39,Alfredo Perez,Alfredo Perez,386,124,https://www.atptour.com/en/rankings/singles?dateWeek=2025-06-16&rankRange=0-5000,2026-03-22T00:41:33Z
atp,2025-06-16,RG42,Alex Rybakov,Alex Rybakov,387,124,https://www.atptour.com/en/rankings/singles?dateWeek=2025-06-16&rankRange=0-5000,2026-03-22T00:41:33Z
atp,2025-06-16,K0CJ,Sandro Kopp,Sandro Kopp,388,124,https://www.atptour.com/en/rankings/singles?dateWeek=2025-06-16&rankRange=0-5000,2026-03-22T00:41:33Z
atp,2025-06-16,P0HP,Lukas Pokorny,Lukas Pokorny,389,124,https://www.atptour.com/en/rankings/singles?dateWeek=2025-06-16&rankRange=0-5000,2026-03-22T00:41:33Z
atp,2025-06-16,B0FI,Pedro Boscardin Dias,Pedro Boscardin Dias,390,124,https://www.atptour.com/en/rankings/singles?dateWeek=2025-06-16&rankRange=0-5000,2026-03-22T00:41:33Z
atp,2025-06-16,S0HR,Kasidit Samrej,Kasidit Samrej,391,123,https://www.atptour.com/en/rankings/singles?dateWeek=2025-06-16&rankRange=0-5000,2026-03-22T00:41:33Z
atp,2025-06-16,PG94,Marc Polmans,Marc Polmans,392,121,https://www.atptour.com/en/rankings/singles?dateWeek=2025-06-16&rankRange=0-5000,2026-03-22T00:41:33Z
atp,2025-06-16,KC29,Nicolas Kicker,Nicolas Kicker,393,119,https://www.atptour.com/en/rankings/singles?dateWeek=2025-06-16&rankRange=0-5000,2026-03-22T00:41:33Z
atp,2025-06-16,J0AW,Guido Ivan Justo,Guido Ivan Justo,394,119,https://www.atptour.com/en/rankings/singles?dateWeek=2025-06-16&rankRange=0-5000,2026-03-22T00:41:33Z
atp,2025-06-16,V821,Gonzalo Villanueva,Gonzalo Villanueva,395,119,https://www.atptour.com/en/rankings/singles?dateWeek=2025-06-16&rankRange=0-5000,2026-03-22T00:41:33Z
atp,2025-06-16,CF01,Marco Cecchinato,Marco Cecchinato,396,118,https://www.atptour.com/en/rankings/singles?dateWeek=2025-06-16&rankRange=0-5000,2026-03-22T00:41:33Z
atp,2025-06-16,LC12,Laurent Lokoli,Laurent Lokoli,397,118,https://www.atptour.com/en/rankings/singles?dateWeek=2025-06-16&rankRange=0-5000,2026-03-22T00:41:33Z
atp,2025-06-16,H0BF,Philip Henning,Philip Henning,398,117,https://www.atptour.com/en/rankings/singles?dateWeek=2025-06-16&rankRange=0-5000,2026-03-22T00:41:33Z
atp,2025-06-16,CD00,Maxime Chazal,Maxime Chazal,399,117,https://www.atptour.com/en/rankings/singles?dateWeek=2025-06-16&rankRange=0-5000,2026-03-22T00:41:33Z
atp,2025-06-16,VA23,Kris Van Wyk,Kris Van Wyk,400,117,https://www.atptour.com/en/rankings/singles?dateWeek=2025-06-16&rankRange=0-5000,2026-03-22T00:41:33Z
atp,2025-06-16,J0D2,Maximus Jones,Maximus Jones,401,117,https://www.atptour.com/en/rankings/singles?dateWeek=2025-06-16&rankRange=0-5000,2026-03-22T00:41:33Z
atp,2025-06-16,P0JG,Gabriele Pennaforti,Gabriele Pennaforti,402,116,https://www.atptour.com/en/rankings/singles?dateWeek=2025-06-16&rankRange=0-5000,2026-03-22T00:41:33Z
atp,2025-06-16,D0A2,Matthew Dellavedova,Matthew Dellavedova,403,116,https://www.atptour.com/en/rankings/singles?dateWeek=2025-06-16&rankRange=0-5000,2026-03-22T00:41:33Z
atp,2025-06-16,W09G,J.J. Wolf,J.j. Wolf,404,115,https://www.atptour.com/en/rankings/singles?dateWeek=2025-06-16&rankRange=0-5000,2026-03-22T00:41:33Z
atp,2025-06-16,D0D4,Stefan Dostanic,Stefan Dostanic,405,115,https://www.atptour.com/en/rankings/singles?dateWeek=2025-06-16&rankRange=0-5000,2026-03-22T00:41:33Z
atp,2025-06-16,G0BY,Daniil Glinka,Daniil Glinka,406,115,https://www.atptour.com/en/rankings/singles?dateWeek=2025-06-16&rankRange=0-5000,2026-03-22T00:41:33Z
atp,2025-06-16,G0IB,Tom Gentzsch,Tom Gentzsch,407,115,https://www.atptour.com/en/rankings/singles?dateWeek=2025-06-16&rankRange=0-5000,2026-03-22T00:41:33Z
atp,2025-06-16,P0GN,Tom Paris,Tom Paris,408,114,https://www.atptour.com/en/rankings/singles?dateWeek=2025-06-16&rankRange=0-5000,2026-03-22T00:41:33Z
atp,2025-06-16,G0J9,Svyatoslav Gulin,Svyatoslav Gulin,409,113,https://www.atptour.com/en/rankings/singles?dateWeek=2025-06-16&rankRange=0-5000,2026-03-22T00:41:33Z
atp,2025-06-16,O0AD,Neil Oberleitner,Neil Oberleitner,410,113,https://www.atptour.com/en/rankings/singles?dateWeek=2025-06-16&rankRange=0-5000,2026-03-22T00:41:33Z
atp,2025-06-16,Z0AB,Alexey Zakharov,Alexey Zakharov,411,112,https://www.atptour.com/en/rankings/singles?dateWeek=2025-06-16&rankRange=0-5000,2026-03-22T00:41:33Z
atp,2025-06-16,K966,Martin Klizan,Martin Klizan,412,112,https://www.atptour.com/en/rankings/singles?dateWeek=2025-06-16&rankRange=0-5000,2026-03-22T00:41:33Z
atp,2025-06-16,N663,Maximilian Neuchrist,Maximilian Neuchrist,413,111,https://www.atptour.com/en/rankings/singles?dateWeek=2025-06-16&rankRange=0-5000,2026-03-22T00:41:33Z
atp,2025-06-16,LC54,Benjamin Lock,Benjamin Lock,414,111,https://www.atptour.com/en/rankings/singles?dateWeek=2025-06-16&rankRange=0-5000,2026-03-22T00:41:33Z
atp,2025-06-16,KE69,Mariano Kestelboim,Mariano Kestelboim,415,111,https://www.atptour.com/en/rankings/singles?dateWeek=2025-06-16&rankRange=0-5000,2026-03-22T00:41:33Z
atp,2025-06-16,B0J8,Micah Braswell,Micah Braswell,416,111,https://www.atptour.com/en/rankings/singles?dateWeek=2025-06-16&rankRange=0-5000,2026-03-22T00:41:33Z
atp,2025-06-16,AA27,Franco Agamenone,Franco Agamenone,417,111,https://www.atptour.com/en/rankings/singles?dateWeek=2025-06-16&rankRange=0-5000,2026-03-22T00:41:33Z
atp,2025-06-16,W0BB,Max Wiskandt,Max Wiskandt,418,109,https://www.atptour.com/en/rankings/singles?dateWeek=2025-06-16&rankRange=0-5000,2026-03-22T00:41:33Z
atp,2025-06-16,D0CN,Miguel Damas,Miguel Damas,419,109,https://www.atptour.com/en/rankings/singles?dateWeek=2025-06-16&rankRange=0-5000,2026-03-22T00:41:33Z
atp,2025-06-16,B0PE,Federico Bondioli,Federico Bondioli,420,109,https://www.atptour.com/en/rankings/singles?dateWeek=2025-06-16&rankRange=0-5000,2026-03-22T00:41:33Z
atp,2025-06-16,B0GI,Alexander Binda,Alexander Binda,421,109,https://www.atptour.com/en/rankings/singles?dateWeek=2025-06-16&rankRange=0-5000,2026-03-22T00:41:33Z
atp,2025-06-16,GH33,Manuel Guinard,Manuel Guinard,422,108,https://www.atptour.com/en/rankings/singles?dateWeek=2025-06-16&rankRange=0-5000,2026-03-22T00:41:33Z
atp,2025-06-16,TF58,Yusuke Takahashi,Yusuke Takahashi,423,108,https://www.atptour.com/en/rankings/singles?dateWeek=2025-06-16&rankRange=0-5000,2026-03-22T00:41:33Z
atp,2025-06-16,S09P,Sanhui Shin,Sanhui Shin,424,106,https://www.atptour.com/en/rankings/singles?dateWeek=2025-06-16&rankRange=0-5000,2026-03-22T00:41:33Z
atp,2025-06-16,KD87,Evgeny Karlovskiy,Evgeny Karlovskiy,425,106,https://www.atptour.com/en/rankings/singles?dateWeek=2025-06-16&rankRange=0-5000,2026-03-22T00:41:33Z
atp,2025-06-16,A09W,Juan Carlos Aguilar,Juan Carlos Aguilar,426,105,https://www.atptour.com/en/rankings/singles?dateWeek=2025-06-16&rankRange=0-5000,2026-03-22T00:41:33Z
atp,2025-06-16,MP13,Mukund Sasikumar,Mukund Sasikumar,427,105,https://www.atptour.com/en/rankings/singles?dateWeek=2025-06-16&rankRange=0-5000,2026-03-22T00:41:33Z
atp,2025-06-16,C0BB,Tommaso Compagnucci,Tommaso Compagnucci,428,105,https://www.atptour.com/en/rankings/singles?dateWeek=2025-06-16&rankRange=0-5000,2026-03-22T00:41:33Z
atp,2025-06-16,S0KT,Stefanos Sakellaridis,Stefanos Sakellaridis,429,105,https://www.atptour.com/en/rankings/singles?dateWeek=2025-06-16&rankRange=0-5000,2026-03-22T00:41:33Z
atp,2025-06-16,A0G7,Valerio Aboian,Valerio Aboian,430,105,https://www.atptour.com/en/rankings/singles?dateWeek=2025-06-16&rankRange=0-5000,2026-03-22T00:41:33Z
atp,2025-06-16,ML57,Gianluca Mager,Gianluca Mager,431,104,https://www.atptour.com/en/rankings/singles?dateWeek=2025-06-16&rankRange=0-5000,2026-03-22T00:41:33Z
atp,2025-06-16,DB59,Dennis Novak,Dennis Novak,432,104,https://www.atptour.com/en/rankings/singles?dateWeek=2025-06-16&rankRange=0-5000,2026-03-22T00:41:33Z
atp,2025-06-16,A0F3,Fabrizio Andaloro,Fabrizio Andaloro,433,104,https://www.atptour.com/en/rankings/singles?dateWeek=2025-06-16&rankRange=0-5000,2026-03-22T00:41:33Z
atp,2025-06-16,P0I6,Gabriele Piraino,Gabriele Piraino,434,104,https://www.atptour.com/en/rankings/singles?dateWeek=2025-06-16&rankRange=0-5000,2026-03-22T00:41:33Z
atp,2025-06-16,P0DR,Andrea Picchione,Andrea Picchione,435,104,https://www.atptour.com/en/rankings/singles?dateWeek=2025-06-16&rankRange=0-5000,2026-03-22T00:41:33Z
atp,2025-06-16,R0IL,Iliyan Radulov,Iliyan Radulov,436,104,https://www.atptour.com/en/rankings/singles?dateWeek=2025-06-16&rankRange=0-5000,2026-03-22T00:41:33Z
atp,2025-06-16,N0B4,Ryan Nijboer,Ryan Nijboer,437,104,https://www.atptour.com/en/rankings/singles?dateWeek=2025-06-16&rankRange=0-5000,2026-03-22T00:41:33Z
atp,2025-06-16,M0NL,Inaki Montes-De La Torre,Inaki Montes De La Torre,438,103,https://www.atptour.com/en/rankings/singles?dateWeek=2025-06-16&rankRange=0-5000,2026-03-22T00:41:33Z
atp,2025-06-16,BV21,Charles Broom,Charles Broom,439,102,https://www.atptour.com/en/rankings/singles?dateWeek=2025-06-16&rankRange=0-5000,2026-03-22T00:41:33Z
atp,2025-06-16,J620,Maxime Janvier,Maxime Janvier,440,101,https://www.atptour.com/en/rankings/singles?dateWeek=2025-06-16&rankRange=0-5000,2026-03-22T00:41:33Z
atp,2025-06-16,M0GY,Lilian Marmousez,Lilian Marmousez,441,101,https://www.atptour.com/en/rankings/singles?dateWeek=2025-06-16&rankRange=0-5000,2026-03-22T00:41:33Z
atp,2025-06-16,C0MH,Gerard Campana Lee,Gerard Campana Lee,442,101,https://www.atptour.com/en/rankings/singles?dateWeek=2025-06-16&rankRange=0-5000,2026-03-22T00:41:33Z
atp,2025-06-16,P0BK,Stuart Parker,Stuart Parker,443,101,https://www.atptour.com/en/rankings/singles?dateWeek=2025-06-16&rankRange=0-5000,2026-03-22T00:41:33Z
atp,2025-06-16,T0IZ,Alvin Nicholas Tudorica,Alvin Nicholas Tudorica,444,101,https://www.atptour.com/en/rankings/singles?dateWeek=2025-06-16&rankRange=0-5000,2026-03-22T00:41:33Z
atp,2025-06-16,S0TX,Henry Searle,Henry Searle,445,100,https://www.atptour.com/en/rankings/singles?dateWeek=2025-06-16&rankRange=0-5000,2026-03-22T00:41:33Z
atp,2025-06-16,N0DB,Andrej Nedic,Andrej Nedic,446,100,https://www.atptour.com/en/rankings/singles?dateWeek=2025-06-16&rankRange=0-5000,2026-03-22T00:41:33Z
atp,2025-06-16,S0WT,Joel Schwaerzler,Joel Schwaerzler,447,100,https://www.atptour.com/en/rankings/singles?dateWeek=2025-06-16&rankRange=0-5000,2026-03-22T00:41:33Z
atp,2025-06-16,S0RI,Karan Singh,Karan Singh,448,100,https://www.atptour.com/en/rankings/singles?dateWeek=2025-06-16&rankRange=0-5000,2026-03-22T00:41:33Z
atp,2025-06-16,KI48,Ergi Kirkin,Ergi Kirkin,449,99,https://www.atptour.com/en/rankings/singles?dateWeek=2025-06-16&rankRange=0-5000,2026-03-22T00:41:33Z
atp,2025-06-16,K0DP,Oleksii Krutykh,Oleksii Krutykh,450,99,https://www.atptour.com/en/rankings/singles?dateWeek=2025-06-16&rankRange=0-5000,2026-03-22T00:41:33Z
atp,2025-06-16,F0A3,Sergey Fomin,Sergey Fomin,451,99,https://www.atptour.com/en/rankings/singles?dateWeek=2025-06-16&rankRange=0-5000,2026-03-22T00:41:33Z
atp,2025-06-16,C0BC,Maxime Cressy,Maxime Cressy,452,98,https://www.atptour.com/en/rankings/singles?dateWeek=2025-06-16&rankRange=0-5000,2026-03-22T00:41:33Z
atp,2025-06-16,KH56,Zdenek Kolar,Zdenek Kolar,453,98,https://www.atptour.com/en/rankings/singles?dateWeek=2025-06-16&rankRange=0-5000,2026-03-22T00:41:33Z
atp,2025-06-16,CG94,Enzo Couacaud,Enzo Couacaud,454,96,https://www.atptour.com/en/rankings/singles?dateWeek=2025-06-16&rankRange=0-5000,2026-03-22T00:41:33Z
atp,2025-06-16,V0DI,Samuel Vincent Ruggeri,Samuel Vincent Ruggeri,455,96,https://www.atptour.com/en/rankings/singles?dateWeek=2025-06-16&rankRange=0-5000,2026-03-22T00:41:33Z
atp,2025-06-16,N0CJ,Petr Nesterov,Petr Nesterov,456,96,https://www.atptour.com/en/rankings/singles?dateWeek=2025-06-16&rankRange=0-5000,2026-03-22T00:41:33Z
atp,2025-06-16,S0IN,Woobin Shin,Woobin Shin,457,96,https://www.atptour.com/en/rankings/singles?dateWeek=2025-06-16&rankRange=0-5000,2026-03-22T00:41:33Z
atp,2025-06-16,MN20,Daniel Masur,Daniel Masur,458,94,https://www.atptour.com/en/rankings/singles?dateWeek=2025-06-16&rankRange=0-5000,2026-03-22T00:41:33Z
atp,2025-06-16,DH55,Michiel De Krom,Michiel De Krom,459,94,https://www.atptour.com/en/rankings/singles?dateWeek=2025-06-16&rankRange=0-5000,2026-03-22T00:41:33Z
atp,2025-06-16,S0W8,Aryan Shah,Aryan Shah,460,94,https://www.atptour.com/en/rankings/singles?dateWeek=2025-06-16&rankRange=0-5000,2026-03-22T00:41:33Z
atp,2025-06-16,V0B2,Michael Vrbensky,Michael Vrbensky,461,94,https://www.atptour.com/en/rankings/singles?dateWeek=2025-06-16&rankRange=0-5000,2026-03-22T00:41:33Z
atp,2025-06-16,U176,Vadym Ursu,Vadym Ursu,462,94,https://www.atptour.com/en/rankings/singles?dateWeek=2025-06-16&rankRange=0-5000,2026-03-22T00:41:33Z
atp,2025-06-16,V0D4,Eric Vanshelboim,Eric Vanshelboim,463,94,https://www.atptour.com/en/rankings/singles?dateWeek=2025-06-16&rankRange=0-5000,2026-03-22T00:41:33Z
atp,2025-06-16,M0FA,Anton Matusevich,Anton Matusevich,464,93,https://www.atptour.com/en/rankings/singles?dateWeek=2025-06-16&rankRange=0-5000,2026-03-22T00:41:33Z
atp,2025-06-16,MI01,Hiroki Moriya,Hiroki Moriya,465,93,https://www.atptour.com/en/rankings/singles?dateWeek=2025-06-16&rankRange=0-5000,2026-03-22T00:41:33Z
atp,2025-06-16,C0NN,Gianluca Cadenasso,Gianluca Cadenasso,466,93,https://www.atptour.com/en/rankings/singles?dateWeek=2025-06-16&rankRange=0-5000,2026-03-22T00:41:33Z
atp,2025-06-16,RH50,Arthur Reymond,Arthur Reymond,467,92,https://www.atptour.com/en/rankings/singles?dateWeek=2025-06-16&rankRange=0-5000,2026-03-22T00:41:33Z
atp,2025-06-16,DA86,Joris De Loore,Joris De Loore,468,91,https://www.atptour.com/en/rankings/singles?dateWeek=2025-06-16&rankRange=0-5000,2026-03-22T00:41:33Z
atp,2025-06-16,F0F4,Kilian Feldbausch,Kilian Feldbausch,469,91,https://www.atptour.com/en/rankings/singles?dateWeek=2025-06-16&rankRange=0-5000,2026-03-22T00:41:33Z
atp,2025-06-16,I0AX,Kokoro Isomura,Kokoro Isomura,470,91,https://www.atptour.com/en/rankings/singles?dateWeek=2025-06-16&rankRange=0-5000,2026-03-22T00:41:33Z
atp,2025-06-16,C0I4,Tibo Colson,Tibo Colson,471,91,https://www.atptour.com/en/rankings/singles?dateWeek=2025-06-16&rankRange=0-5000,2026-03-22T00:41:33Z
atp,2025-06-16,B0QC,Gilles Arnaud Bailly,Gilles Arnaud Bailly,472,91,https://www.atptour.com/en/rankings/singles?dateWeek=2025-06-16&rankRange=0-5000,2026-03-22T00:41:33Z
atp,2025-06-16,U120,Kaichi Uchida,Kaichi Uchida,473,90,https://www.atptour.com/en/rankings/singles?dateWeek=2025-06-16&rankRange=0-5000,2026-03-22T00:41:33Z
atp,2025-06-16,R0DC,Ajeet Rai,Ajeet Rai,474,90,https://www.atptour.com/en/rankings/singles?dateWeek=2025-06-16&rankRange=0-5000,2026-03-22T00:41:33Z
atp,2025-06-16,A0FM,Egor Agafonov,Egor Agafonov,475,90,https://www.atptour.com/en/rankings/singles?dateWeek=2025-06-16&rankRange=0-5000,2026-03-22T00:41:33Z
atp,2025-06-16,E831,Kyle Edmund,Kyle Edmund,476,89,https://www.atptour.com/en/rankings/singles?dateWeek=2025-06-16&rankRange=0-5000,2026-03-22T00:41:33Z
atp,2025-06-16,TD47,Evgenii Tiurnev,Evgenii Tiurnev,477,89,https://www.atptour.com/en/rankings/singles?dateWeek=2025-06-16&rankRange=0-5000,2026-03-22T00:41:33Z
atp,2025-06-16,A0I1,Bor Artnak,Bor Artnak,478,88,https://www.atptour.com/en/rankings/singles?dateWeek=2025-06-16&rankRange=0-5000,2026-03-22T00:41:33Z
atp,2025-06-16,A0ES,Pedro Araujo,Pedro Araujo,479,88,https://www.atptour.com/en/rankings/singles?dateWeek=2025-06-16&rankRange=0-5000,2026-03-22T00:41:33Z
atp,2025-06-16,P0FY,Alessandro Pecci,Alessandro Pecci,480,87,https://www.atptour.com/en/rankings/singles?dateWeek=2025-06-16&rankRange=0-5000,2026-03-22T00:41:33Z
atp,2025-06-16,F0DM,Arthur Fery,Arthur Fery,481,86,https://www.atptour.com/en/rankings/singles?dateWeek=2025-06-16&rankRange=0-5000,2026-03-22T00:41:33Z
atp,2025-06-16,S0TI,Philip Sekulic,Philip Sekulic,482,86,https://www.atptour.com/en/rankings/singles?dateWeek=2025-06-16&rankRange=0-5000,2026-03-22T00:41:33Z
atp,2025-06-16,S0DL,Ryan Seggerman,Ryan Seggerman,483,86,https://www.atptour.com/en/rankings/singles?dateWeek=2025-06-16&rankRange=0-5000,2026-03-22T00:41:33Z
atp,2025-06-16,DB32,Yurii Dzhavakian,Yurii Dzhavakian,484,85,https://www.atptour.com/en/rankings/singles?dateWeek=2025-06-16&rankRange=0-5000,2026-03-22T00:41:33Z
atp,2025-06-16,MV14,Alex Molcan,Alex Molcan,485,84,https://www.atptour.com/en/rankings/singles?dateWeek=2025-06-16&rankRange=0-5000,2026-03-22T00:41:33Z
atp,2025-06-16,CG04,Pedro Cachin,Pedro Cachin,486,83,https://www.atptour.com/en/rankings/singles?dateWeek=2025-06-16&rankRange=0-5000,2026-03-22T00:41:33Z
atp,2025-06-16,CG07,Hernan Casanova,Hernan Casanova,487,83,https://www.atptour.com/en/rankings/singles?dateWeek=2025-06-16&rankRange=0-5000,2026-03-22T00:41:33Z
atp,2025-06-16,P0IT,Olaf Pieczkowski,Olaf Pieczkowski,488,83,https://www.atptour.com/en/rankings/singles?dateWeek=2025-06-16&rankRange=0-5000,2026-03-22T00:41:33Z
atp,2025-06-16,DC38,Jake Delaney,Jake Delaney,489,83,https://www.atptour.com/en/rankings/singles?dateWeek=2025-06-16&rankRange=0-5000,2026-03-22T00:41:33Z
atp,2025-06-16,H0CD,Alex Hernandez,Alex Hernandez,490,82,https://www.atptour.com/en/rankings/singles?dateWeek=2025-06-16&rankRange=0-5000,2026-03-22T00:41:33Z
atp,2025-06-16,WB19,Alexander Weis,Alexander Weis,491,82,https://www.atptour.com/en/rankings/singles?dateWeek=2025-06-16&rankRange=0-5000,2026-03-22T00:41:33Z
atp,2025-06-16,A0IA,Erik Arutiunian,Erik Arutiunian,492,82,https://www.atptour.com/en/rankings/singles?dateWeek=2025-06-16&rankRange=0-5000,2026-03-22T00:41:33Z
atp,2025-06-16,D0HJ,Branko Djuric,Branko Djuric,493,81,https://www.atptour.com/en/rankings/singles?dateWeek=2025-06-16&rankRange=0-5000,2026-03-22T00:41:33Z
atp,2025-06-16,W0AH,Harry Wendelken,Harry Wendelken,494,81,https://www.atptour.com/en/rankings/singles?dateWeek=2025-06-16&rankRange=0-5000,2026-03-22T00:41:33Z
atp,2025-06-16,R0FS,Leandro Riedi,Leandro Riedi,495,80,https://www.atptour.com/en/rankings/singles?dateWeek=2025-06-16&rankRange=0-5000,2026-03-22T00:41:33Z
atp,2025-06-16,M0CW,Aidan McHugh,Aidan Mchugh,496,80,https://www.atptour.com/en/rankings/singles?dateWeek=2025-06-16&rankRange=0-5000,2026-03-22T00:41:33Z
atp,2025-06-16,S0DQ,Keegan Smith,Keegan Smith,497,80,https://www.atptour.com/en/rankings/singles?dateWeek=2025-06-16&rankRange=0-5000,2026-03-22T00:41:33Z
atp,2025-06-16,Z0BZ,Michael Zheng,Michael Zheng,498,79,https://www.atptour.com/en/rankings/singles?dateWeek=2025-06-16&rankRange=0-5000,2026-03-22T00:41:33Z
atp,2025-06-16,I330,Shintaro Imai,Shintaro Imai,499,79,https://www.atptour.com/en/rankings/singles?dateWeek=2025-06-16&rankRange=0-5000,2026-03-22T00:41:33Z
atp,2025-06-16,BP79,Peter Bertran,Peter Bertran,500,78,https://www.atptour.com/en/rankings/singles?dateWeek=2025-06-16&rankRange=0-5000,2026-03-22T00:41:33Z
atp,2025-06-16,R09V,Eduardo Ribeiro,Eduardo Ribeiro,501,77,https://www.atptour.com/en/rankings/singles?dateWeek=2025-06-16&rankRange=0-5000,2026-03-22T00:41:33Z
atp,2025-06-16,B0OV,Petr Brunclik,Petr Brunclik,502,77,https://www.atptour.com/en/rankings/singles?dateWeek=2025-06-16&rankRange=0-5000,2026-03-22T00:41:33Z
atp,2025-06-16,PD31,Benoit Paire,Benoit Paire,503,77,https://www.atptour.com/en/rankings/singles?dateWeek=2025-06-16&rankRange=0-5000,2026-03-22T00:41:33Z
atp,2025-06-16,L0GR,Juan Manuel La Serna,Juan Manuel La Serna,504,77,https://www.atptour.com/en/rankings/singles?dateWeek=2025-06-16&rankRange=0-5000,2026-03-22T00:41:33Z
atp,2025-06-16,M0G0,Ryuki Matsuda,Ryuki Matsuda,505,77,https://www.atptour.com/en/rankings/singles?dateWeek=2025-06-16&rankRange=0-5000,2026-03-22T00:41:33Z
atp,2025-06-16,I306,Cem Ilkel,Cem Ilkel,506,76,https://www.atptour.com/en/rankings/singles?dateWeek=2025-06-16&rankRange=0-5000,2026-03-22T00:41:33Z
atp,2025-06-16,M0BN,Marvin Moeller,Marvin Moeller,507,76,https://www.atptour.com/en/rankings/singles?dateWeek=2025-06-16&rankRange=0-5000,2026-03-22T00:41:33Z
atp,2025-06-16,K0DB,Cannon Kingsley,Cannon Kingsley,508,76,https://www.atptour.com/en/rankings/singles?dateWeek=2025-06-16&rankRange=0-5000,2026-03-22T00:41:33Z
atp,2025-06-16,M0QK,Loann Massard,Loann Massard,509,76,https://www.atptour.com/en/rankings/singles?dateWeek=2025-06-16&rankRange=0-5000,2026-03-22T00:41:33Z
atp,2025-06-16,I09N,Federico Iannaccone,Federico Iannaccone,510,76,https://www.atptour.com/en/rankings/singles?dateWeek=2025-06-16&rankRange=0-5000,2026-03-22T00:41:33Z
atp,2025-06-16,T0AA,Dan Alexandru Tomescu,Dan Alexandru Tomescu,511,75,https://www.atptour.com/en/rankings/singles?dateWeek=2025-06-16&rankRange=0-5000,2026-03-22T00:41:33Z
atp,2025-06-16,B0LL,Viacheslav Bielinskyi,Viacheslav Bielinskyi,512,75,https://www.atptour.com/en/rankings/singles?dateWeek=2025-06-16&rankRange=0-5000,2026-03-22T00:41:33Z
atp,2025-06-16,B0JG,Leo Borg,Leo Borg,513,75,https://www.atptour.com/en/rankings/singles?dateWeek=2025-06-16&rankRange=0-5000,2026-03-22T00:41:33Z
atp,2025-06-16,J476,David Jorda Sanchis,David Jorda Sanchis,514,74,https://www.atptour.com/en/rankings/singles?dateWeek=2025-06-16&rankRange=0-5000,2026-03-22T00:41:33Z
atp,2025-06-16,F0DP,Peter Fajta,Peter Fajta,515,74,https://www.atptour.com/en/rankings/singles?dateWeek=2025-06-16&rankRange=0-5000,2026-03-22T00:41:33Z
atp,2025-06-16,V0BD,Nikolay Vylegzhanin,Nikolay Vylegzhanin,516,74,https://www.atptour.com/en/rankings/singles?dateWeek=2025-06-16&rankRange=0-5000,2026-03-22T00:41:33Z
atp,2025-06-16,B0JP,Dali Blanch,Dali Blanch,517,74,https://www.atptour.com/en/rankings/singles?dateWeek=2025-06-16&rankRange=0-5000,2026-03-22T00:41:33Z
atp,2025-06-16,P0BM,Tadeas Paroulek,Tadeas Paroulek,518,73,https://www.atptour.com/en/rankings/singles?dateWeek=2025-06-16&rankRange=0-5000,2026-03-22T00:41:33Z
atp,2025-06-16,M0GB,Alex Martinez,Alex Martinez,519,73,https://www.atptour.com/en/rankings/singles?dateWeek=2025-06-16&rankRange=0-5000,2026-03-22T00:41:33Z
atp,2025-06-16,K0FY,Martin Krumich,Martin Krumich,520,73,https://www.atptour.com/en/rankings/singles?dateWeek=2025-06-16&rankRange=0-5000,2026-03-22T00:41:33Z
atp,2025-06-16,L0C1,Carlos Lopez Montagud,Carlos Lopez Montagud,521,73,https://www.atptour.com/en/rankings/singles?dateWeek=2025-06-16&rankRange=0-5000,2026-03-22T00:41:33Z
atp,2025-06-16,SY00,Christian Sigsgaard,Christian Sigsgaard,522,72,https://www.atptour.com/en/rankings/singles?dateWeek=2025-06-16&rankRange=0-5000,2026-03-22T00:41:33Z
atp,2025-06-16,G0A0,Andrea Guerrieri,Andrea Guerrieri,523,72,https://www.atptour.com/en/rankings/singles?dateWeek=2025-06-16&rankRange=0-5000,2026-03-22T00:41:33Z
atp,2025-06-16,CN15,Felix Corwin,Felix Corwin,524,72,https://www.atptour.com/en/rankings/singles?dateWeek=2025-06-16&rankRange=0-5000,2026-03-22T00:41:33Z
atp,2025-06-16,KE36,Dominik Kellovsky,Dominik Kellovsky,525,72,https://www.atptour.com/en/rankings/singles?dateWeek=2025-06-16&rankRange=0-5000,2026-03-22T00:41:33Z
atp,2025-06-16,M0I0,Maxwell Mckennon,Maxwell Mckennon,526,72,https://www.atptour.com/en/rankings/singles?dateWeek=2025-06-16&rankRange=0-5000,2026-03-22T00:41:33Z
atp,2025-06-16,W0BU,Olle Wallin,Olle Wallin,527,71,https://www.atptour.com/en/rankings/singles?dateWeek=2025-06-16&rankRange=0-5000,2026-03-22T00:41:33Z
atp,2025-06-16,C0OW,Lorenzo Carboni,Lorenzo Carboni,528,71,https://www.atptour.com/en/rankings/singles?dateWeek=2025-06-16&rankRange=0-5000,2026-03-22T00:41:33Z
atp,2025-06-16,MK26,Jules Marie,Jules Marie,529,70,https://www.atptour.com/en/rankings/singles?dateWeek=2025-06-16&rankRange=0-5000,2026-03-22T00:41:33Z
atp,2025-06-16,V993,Eero Vasa,Eero Vasa,530,70,https://www.atptour.com/en/rankings/singles?dateWeek=2025-06-16&rankRange=0-5000,2026-03-22T00:41:33Z
atp,2025-06-16,GC89,Egor Gerasimov,Egor Gerasimov,531,69,https://www.atptour.com/en/rankings/singles?dateWeek=2025-06-16&rankRange=0-5000,2026-03-22T00:41:33Z
atp,2025-06-16,GF23,Lucas Gerch,Lucas Gerch,532,69,https://www.atptour.com/en/rankings/singles?dateWeek=2025-06-16&rankRange=0-5000,2026-03-22T00:41:33Z
atp,2025-06-16,LC11,Tristan Lamasine,Tristan Lamasine,533,69,https://www.atptour.com/en/rankings/singles?dateWeek=2025-06-16&rankRange=0-5000,2026-03-22T00:41:33Z
atp,2025-06-16,BU36,Alberto Barroso Campos,Alberto Barroso Campos,534,69,https://www.atptour.com/en/rankings/singles?dateWeek=2025-06-16&rankRange=0-5000,2026-03-22T00:41:33Z
atp,2025-06-16,S0XE,Alejo Sanchez Quilez,Alejo Sanchez Quilez,535,69,https://www.atptour.com/en/rankings/singles?dateWeek=2025-06-16&rankRange=0-5000,2026-03-22T00:41:33Z
atp,2025-06-16,KF17,Soonwoo Kwon,Soonwoo Kwon,536,68,https://www.atptour.com/en/rankings/singles?dateWeek=2025-06-16&rankRange=0-5000,2026-03-22T00:41:33Z
atp,2025-06-16,TG30,Rigele Te,Rigele Te,537,68,https://www.atptour.com/en/rankings/singles?dateWeek=2025-06-16&rankRange=0-5000,2026-03-22T00:41:33Z
atp,2025-06-16,R0BC,Lorenzo Joaquin Rodriguez,Lorenzo Joaquin Rodriguez,538,68,https://www.atptour.com/en/rankings/singles?dateWeek=2025-06-16&rankRange=0-5000,2026-03-22T00:41:33Z
atp,2025-06-16,H0B5,Tsung-Hao Huang,Tsung Hao Huang,539,68,https://www.atptour.com/en/rankings/singles?dateWeek=2025-06-16&rankRange=0-5000,2026-03-22T00:41:33Z
atp,2025-06-16,C0AZ,Antoine Cornut-Chauvinc,Antoine Cornut Chauvinc,540,67,https://www.atptour.com/en/rankings/singles?dateWeek=2025-06-16&rankRange=0-5000,2026-03-22T00:41:33Z
atp,2025-06-16,HG90,Conner Huertas del Pino,Conner Huertas Del Pino,541,67,https://www.atptour.com/en/rankings/singles?dateWeek=2025-06-16&rankRange=0-5000,2026-03-22T00:41:33Z
atp,2025-06-16,B0C5,Florian Broska,Florian Broska,542,67,https://www.atptour.com/en/rankings/singles?dateWeek=2025-06-16&rankRange=0-5000,2026-03-22T00:41:33Z
atp,2025-06-16,F0BV,Tomas Farjat,Tomas Farjat,543,67,https://www.atptour.com/en/rankings/singles?dateWeek=2025-06-16&rankRange=0-5000,2026-03-22T00:41:33Z
atp,2025-06-16,V708,Jiri Vesely,Jiri Vesely,544,67,https://www.atptour.com/en/rankings/singles?dateWeek=2025-06-16&rankRange=0-5000,2026-03-22T00:41:33Z
atp,2025-06-16,S0EX,Hamish Stewart,Hamish Stewart,545,67,https://www.atptour.com/en/rankings/singles?dateWeek=2025-06-16&rankRange=0-5000,2026-03-22T00:41:33Z
atp,2025-06-16,D0DC,Etienne Donnet,Etienne Donnet,546,67,https://www.atptour.com/en/rankings/singles?dateWeek=2025-06-16&rankRange=0-5000,2026-03-22T00:41:33Z
atp,2025-06-16,MM79,Blake Mott,Blake Mott,547,67,https://www.atptour.com/en/rankings/singles?dateWeek=2025-06-16&rankRange=0-5000,2026-03-22T00:41:33Z
atp,2025-06-16,P0C1,Karl Poling,Karl Poling,548,67,https://www.atptour.com/en/rankings/singles?dateWeek=2025-06-16&rankRange=0-5000,2026-03-22T00:41:33Z
atp,2025-06-16,BP74,Aleksandre Bakshi,Aleksandre Bakshi,549,67,https://www.atptour.com/en/rankings/singles?dateWeek=2025-06-16&rankRange=0-5000,2026-03-22T00:41:33Z
atp,2025-06-16,D0DT,Martin Damm,Martin Damm,550,66,https://www.atptour.com/en/rankings/singles?dateWeek=2025-06-16&rankRange=0-5000,2026-03-22T00:41:33Z
atp,2025-06-16,N0D9,Jakub Nicod,Jakub Nicod,551,66,https://www.atptour.com/en/rankings/singles?dateWeek=2025-06-16&rankRange=0-5000,2026-03-22T00:41:33Z
atp,2025-06-16,J737,Facundo Juarez,Facundo Juarez,552,66,https://www.atptour.com/en/rankings/singles?dateWeek=2025-06-16&rankRange=0-5000,2026-03-22T00:41:33Z
atp,2025-06-16,M0TO,Mae Malige,Mae Malige,553,66,https://www.atptour.com/en/rankings/singles?dateWeek=2025-06-16&rankRange=0-5000,2026-03-22T00:41:33Z
atp,2025-06-16,E811,Elmar Ejupovic,Elmar Ejupovic,554,66,https://www.atptour.com/en/rankings/singles?dateWeek=2025-06-16&rankRange=0-5000,2026-03-22T00:41:33Z
atp,2025-06-16,P0CY,Stefan Palosi,Stefan Palosi,555,66,https://www.atptour.com/en/rankings/singles?dateWeek=2025-06-16&rankRange=0-5000,2026-03-22T00:41:33Z
atp,2025-06-16,SM37,Diego Schwartzman,Diego Schwartzman,556,65,https://www.atptour.com/en/rankings/singles?dateWeek=2025-06-16&rankRange=0-5000,2026-03-22T00:41:33Z
atp,2025-06-16,B0VX,Pierluigi Basile,Pierluigi Basile,557,65,https://www.atptour.com/en/rankings/singles?dateWeek=2025-06-16&rankRange=0-5000,2026-03-22T00:41:33Z
atp,2025-06-16,M0SE,Maxim Mrva,Maxim Mrva,558,65,https://www.atptour.com/en/rankings/singles?dateWeek=2025-06-16&rankRange=0-5000,2026-03-22T00:41:33Z
atp,2025-06-16,M0B2,Yuki Mochizuki,Yuki Mochizuki,559,65,https://www.atptour.com/en/rankings/singles?dateWeek=2025-06-16&rankRange=0-5000,2026-03-22T00:41:33Z
atp,2025-06-16,K0DE,Takuya Kumasaka,Takuya Kumasaka,560,65,https://www.atptour.com/en/rankings/singles?dateWeek=2025-06-16&rankRange=0-5000,2026-03-22T00:41:33Z
atp,2025-06-16,S0H9,James Story,James Story,561,65,https://www.atptour.com/en/rankings/singles?dateWeek=2025-06-16&rankRange=0-5000,2026-03-22T00:41:33Z
atp,2025-06-16,M0C2,Dan Martin,Dan Martin,562,65,https://www.atptour.com/en/rankings/singles?dateWeek=2025-06-16&rankRange=0-5000,2026-03-22T00:41:33Z
atp,2025-06-16,D916,Steven Diez,Steven Diez,563,64,https://www.atptour.com/en/rankings/singles?dateWeek=2025-06-16&rankRange=0-5000,2026-03-22T00:41:33Z
atp,2025-06-16,B0NO,Darwin Blanch,Darwin Blanch,564,64,https://www.atptour.com/en/rankings/singles?dateWeek=2025-06-16&rankRange=0-5000,2026-03-22T00:41:33Z
atp,2025-06-16,W0A4,Arthur Weber,Arthur Weber,565,64,https://www.atptour.com/en/rankings/singles?dateWeek=2025-06-16&rankRange=0-5000,2026-03-22T00:41:33Z
atp,2025-06-16,L0CX,Pablo Llamas Ruiz,Pablo Llamas Ruiz,566,63,https://www.atptour.com/en/rankings/singles?dateWeek=2025-06-16&rankRange=0-5000,2026-03-22T00:41:33Z
atp,2025-06-16,CH05,Altug Celikbilek,Altug Celikbilek,567,63,https://www.atptour.com/en/rankings/singles?dateWeek=2025-06-16&rankRange=0-5000,2026-03-22T00:41:33Z
atp,2025-06-16,P0EV,Andrew Paulson,Andrew Paulson,568,63,https://www.atptour.com/en/rankings/singles?dateWeek=2025-06-16&rankRange=0-5000,2026-03-22T00:41:33Z
atp,2025-06-16,PF65,Filip Peliwo,Filip Peliwo,569,63,https://www.atptour.com/en/rankings/singles?dateWeek=2025-06-16&rankRange=0-5000,2026-03-22T00:41:33Z
atp,2025-06-16,S0LD,Keisuke Saitoh,Keisuke Saitoh,570,62,https://www.atptour.com/en/rankings/singles?dateWeek=2025-06-16&rankRange=0-5000,2026-03-22T00:41:33Z
atp,2025-06-16,S0IA,Dane Sweeny,Dane Sweeny,571,62,https://www.atptour.com/en/rankings/singles?dateWeek=2025-06-16&rankRange=0-5000,2026-03-22T00:41:33Z
atp,2025-06-16,O0AI,Dusan Obradovic,Dusan Obradovic,572,62,https://www.atptour.com/en/rankings/singles?dateWeek=2025-06-16&rankRange=0-5000,2026-03-22T00:41:33Z
atp,2025-06-16,KI71,Kirill Kivattsev,Kirill Kivattsev,573,62,https://www.atptour.com/en/rankings/singles?dateWeek=2025-06-16&rankRange=0-5000,2026-03-22T00:41:33Z
atp,2025-06-16,E0DI,Juan Estevez,Juan Estevez,574,62,https://www.atptour.com/en/rankings/singles?dateWeek=2025-06-16&rankRange=0-5000,2026-03-22T00:41:33Z
atp,2025-06-16,M0RX,Kenta Miyoshi,Kenta Miyoshi,575,61,https://www.atptour.com/en/rankings/singles?dateWeek=2025-06-16&rankRange=0-5000,2026-03-22T00:41:33Z
atp,2025-06-16,E0AA,Yanki Erel,Yanki Erel,576,61,https://www.atptour.com/en/rankings/singles?dateWeek=2025-06-16&rankRange=0-5000,2026-03-22T00:41:33Z
atp,2025-06-16,B0IY,Alec Beckley,Alec Beckley,577,61,https://www.atptour.com/en/rankings/singles?dateWeek=2025-06-16&rankRange=0-5000,2026-03-22T00:41:33Z
atp,2025-06-16,A09P,Alafia Ayeni,Alafia Ayeni,578,61,https://www.atptour.com/en/rankings/singles?dateWeek=2025-06-16&rankRange=0-5000,2026-03-22T00:41:33Z
atp,2025-06-16,S0E6,Stijn Slump,Stijn Slump,579,61,https://www.atptour.com/en/rankings/singles?dateWeek=2025-06-16&rankRange=0-5000,2026-03-22T00:41:33Z
atp,2025-06-16,K0HN,Bruno Kuzuhara,Bruno Kuzuhara,580,61,https://www.atptour.com/en/rankings/singles?dateWeek=2025-06-16&rankRange=0-5000,2026-03-22T00:41:33Z
atp,2025-06-16,O639,Giovanni Oradini,Giovanni Oradini,581,61,https://www.atptour.com/en/rankings/singles?dateWeek=2025-06-16&rankRange=0-5000,2026-03-22T00:41:33Z
atp,2025-06-16,N0BK,Hazem Naw,Hazem Naw,582,60,https://www.atptour.com/en/rankings/singles?dateWeek=2025-06-16&rankRange=0-5000,2026-03-22T00:41:33Z
atp,2025-06-16,R0HK,Filippo Romano,Filippo Romano,583,60,https://www.atptour.com/en/rankings/singles?dateWeek=2025-06-16&rankRange=0-5000,2026-03-22T00:41:33Z
atp,2025-06-16,S0C2,Hikaru Shiraishi,Hikaru Shiraishi,584,60,https://www.atptour.com/en/rankings/singles?dateWeek=2025-06-16&rankRange=0-5000,2026-03-22T00:41:33Z
atp,2025-06-16,BM05,Bogdan Bobrov,Bogdan Bobrov,585,60,https://www.atptour.com/en/rankings/singles?dateWeek=2025-06-16&rankRange=0-5000,2026-03-22T00:41:33Z
atp,2025-06-16,P0G5,Stefan Popovic,Stefan Popovic,586,60,https://www.atptour.com/en/rankings/singles?dateWeek=2025-06-16&rankRange=0-5000,2026-03-22T00:41:33Z
atp,2025-06-16,D985,Joao Domingues,Joao Domingues,587,59,https://www.atptour.com/en/rankings/singles?dateWeek=2025-06-16&rankRange=0-5000,2026-03-22T00:41:33Z
atp,2025-06-16,F0BT,Jonas Forejtek,Jonas Forejtek,588,59,https://www.atptour.com/en/rankings/singles?dateWeek=2025-06-16&rankRange=0-5000,2026-03-22T00:41:33Z
atp,2025-06-16,PC09,Jose Pereira,Jose Pereira,589,59,https://www.atptour.com/en/rankings/singles?dateWeek=2025-06-16&rankRange=0-5000,2026-03-22T00:41:33Z
atp,2025-06-16,P0B2,Luca Potenza,Luca Potenza,590,59,https://www.atptour.com/en/rankings/singles?dateWeek=2025-06-16&rankRange=0-5000,2026-03-22T00:41:33Z
atp,2025-06-16,L0AF,Ewen Lumsden,Ewen Lumsden,591,59,https://www.atptour.com/en/rankings/singles?dateWeek=2025-06-16&rankRange=0-5000,2026-03-22T00:41:33Z
atp,2025-06-16,Z09K,Evan Zhu,Evan Zhu,592,59,https://www.atptour.com/en/rankings/singles?dateWeek=2025-06-16&rankRange=0-5000,2026-03-22T00:41:33Z
atp,2025-06-16,H0A4,Nick Hardt,Nick Hardt,593,58,https://www.atptour.com/en/rankings/singles?dateWeek=2025-06-16&rankRange=0-5000,2026-03-22T00:41:33Z
atp,2025-06-16,TD55,Renta Tokuda,Renta Tokuda,594,58,https://www.atptour.com/en/rankings/singles?dateWeek=2025-06-16&rankRange=0-5000,2026-03-22T00:41:33Z
atp,2025-06-16,BI23,Liam Broady,Liam Broady,595,58,https://www.atptour.com/en/rankings/singles?dateWeek=2025-06-16&rankRange=0-5000,2026-03-22T00:41:33Z
atp,2025-06-16,Z0C3,Maxim Zhukov,Maxim Zhukov,596,58,https://www.atptour.com/en/rankings/singles?dateWeek=2025-06-16&rankRange=0-5000,2026-03-22T00:41:33Z
atp,2025-06-16,H0EH,Tim Handel,Tim Handel,597,58,https://www.atptour.com/en/rankings/singles?dateWeek=2025-06-16&rankRange=0-5000,2026-03-22T00:41:33Z
atp,2025-06-16,B0JE,Max Basing,Max Basing,598,57,https://www.atptour.com/en/rankings/singles?dateWeek=2025-06-16&rankRange=0-5000,2026-03-22T00:41:33Z
atp,2025-06-16,C0KH,Julio Cesar Porras,Julio Cesar Porras,599,57,https://www.atptour.com/en/rankings/singles?dateWeek=2025-06-16&rankRange=0-5000,2026-03-22T00:41:33Z
atp,2025-06-16,W0C4,Edward Winter,Edward Winter,600,57,https://www.atptour.com/en/rankings/singles?dateWeek=2025-06-16&rankRange=0-5000,2026-03-22T00:41:33Z
atp,2025-06-16,C0HV,Luca Castagnola,Luca Castagnola,601,57,https://www.atptour.com/en/rankings/singles?dateWeek=2025-06-16&rankRange=0-5000,2026-03-22T00:41:33Z
atp,2025-06-16,A0J5,Stefan Adrian Andreescu,Stefan Adrian Andreescu,602,57,https://www.atptour.com/en/rankings/singles?dateWeek=2025-06-16&rankRange=0-5000,2026-03-22T00:41:33Z
atp,2025-06-16,E0AU,John Echeverria,John Echeverria,603,56,https://www.atptour.com/en/rankings/singles?dateWeek=2025-06-16&rankRange=0-5000,2026-03-22T00:41:33Z
atp,2025-06-16,F0CJ,Gianmarco Ferrari,Gianmarco Ferrari,604,55,https://www.atptour.com/en/rankings/singles?dateWeek=2025-06-16&rankRange=0-5000,2026-03-22T00:41:33Z
atp,2025-06-16,R0H6,Leonardo Rossi,Leonardo Rossi,605,55,https://www.atptour.com/en/rankings/singles?dateWeek=2025-06-16&rankRange=0-5000,2026-03-22T00:41:33Z
atp,2025-06-16,Z0BL,Fares Zakaria,Fares Zakaria,606,55,https://www.atptour.com/en/rankings/singles?dateWeek=2025-06-16&rankRange=0-5000,2026-03-22T00:41:33Z
atp,2025-06-16,T0EI,Aristotelis Thanos,Aristotelis Thanos,607,54,https://www.atptour.com/en/rankings/singles?dateWeek=2025-06-16&rankRange=0-5000,2026-03-22T00:41:33Z
atp,2025-06-16,A0JA,Michael Agwi,Michael Agwi,608,54,https://www.atptour.com/en/rankings/singles?dateWeek=2025-06-16&rankRange=0-5000,2026-03-22T00:41:33Z
atp,2025-06-16,PG69,Juan Pablo Paz,Juan Pablo Paz,609,54,https://www.atptour.com/en/rankings/singles?dateWeek=2025-06-16&rankRange=0-5000,2026-03-22T00:41:33Z
atp,2025-06-16,L0I5,Mitsuki Wei Kang Leong,Mitsuki Wei Kang Leong,610,54,https://www.atptour.com/en/rankings/singles?dateWeek=2025-06-16&rankRange=0-5000,2026-03-22T00:41:33Z
atp,2025-06-16,G0G2,Mario Gonzalez Fernandez,Mario Gonzalez Fernandez,611,54,https://www.atptour.com/en/rankings/singles?dateWeek=2025-06-16&rankRange=0-5000,2026-03-22T00:41:33Z
atp,2025-06-16,KJ00,Alex Knaff,Alex Knaff,612,54,https://www.atptour.com/en/rankings/singles?dateWeek=2025-06-16&rankRange=0-5000,2026-03-22T00:41:33Z
atp,2025-06-16,B0D8,Jacob Brumm,Jacob Brumm,613,54,https://www.atptour.com/en/rankings/singles?dateWeek=2025-06-16&rankRange=0-5000,2026-03-22T00:41:33Z
atp,2025-06-16,O09A,Aziz Ouakaa,Aziz Ouakaa,614,54,https://www.atptour.com/en/rankings/singles?dateWeek=2025-06-16&rankRange=0-5000,2026-03-22T00:41:33Z
atp,2025-06-16,K0EE,Omni Kumar,Omni Kumar,615,53,https://www.atptour.com/en/rankings/singles?dateWeek=2025-06-16&rankRange=0-5000,2026-03-22T00:41:33Z
atp,2025-06-16,G0IW,Antoine Ghibaudo,Antoine Ghibaudo,616,53,https://www.atptour.com/en/rankings/singles?dateWeek=2025-06-16&rankRange=0-5000,2026-03-22T00:41:33Z
atp,2025-06-16,WB25,Louis Wessels,Louis Wessels,617,53,https://www.atptour.com/en/rankings/singles?dateWeek=2025-06-16&rankRange=0-5000,2026-03-22T00:41:33Z
atp,2025-06-16,J0CL,Dev Javia,Dev Javia,618,53,https://www.atptour.com/en/rankings/singles?dateWeek=2025-06-16&rankRange=0-5000,2026-03-22T00:41:33Z
atp,2025-06-16,M0EG,Tristan McCormick,Tristan Mccormick,619,53,https://www.atptour.com/en/rankings/singles?dateWeek=2025-06-16&rankRange=0-5000,2026-03-22T00:41:33Z
atp,2025-06-16,M0RG,Daniel Milavsky,Daniel Milavsky,620,52,https://www.atptour.com/en/rankings/singles?dateWeek=2025-06-16&rankRange=0-5000,2026-03-22T00:41:33Z
atp,2025-06-16,E873,Ernesto Escobedo,Ernesto Escobedo,621,52,https://www.atptour.com/en/rankings/singles?dateWeek=2025-06-16&rankRange=0-5000,2026-03-22T00:41:33Z
atp,2025-06-16,W09B,Damien Wenger,Damien Wenger,622,52,https://www.atptour.com/en/rankings/singles?dateWeek=2025-06-16&rankRange=0-5000,2026-03-22T00:41:33Z
atp,2025-06-16,D09L,Louis Dussin,Louis Dussin,623,52,https://www.atptour.com/en/rankings/singles?dateWeek=2025-06-16&rankRange=0-5000,2026-03-22T00:41:33Z
atp,2025-06-16,V0D0,Niels Visker,Niels Visker,624,52,https://www.atptour.com/en/rankings/singles?dateWeek=2025-06-16&rankRange=0-5000,2026-03-22T00:41:33Z
atp,2025-06-16,D750,Kenny De Schepper,Kenny De Schepper,625,52,https://www.atptour.com/en/rankings/singles?dateWeek=2025-06-16&rankRange=0-5000,2026-03-22T00:41:33Z
atp,2025-06-16,CO01,Andrey Chepelev,Andrey Chepelev,626,52,https://www.atptour.com/en/rankings/singles?dateWeek=2025-06-16&rankRange=0-5000,2026-03-22T00:41:33Z
atp,2025-06-16,RB56,Ramkumar Ramanathan,Ramkumar Ramanathan,627,51,https://www.atptour.com/en/rankings/singles?dateWeek=2025-06-16&rankRange=0-5000,2026-03-22T00:41:33Z
atp,2025-06-16,B0I6,Samir Banerjee,Samir Banerjee,628,51,https://www.atptour.com/en/rankings/singles?dateWeek=2025-06-16&rankRange=0-5000,2026-03-22T00:41:33Z
atp,2025-06-16,P0FJ,Radu Mihai Papoe,Radu Mihai Papoe,629,51,https://www.atptour.com/en/rankings/singles?dateWeek=2025-06-16&rankRange=0-5000,2026-03-22T00:41:33Z
atp,2025-06-16,C0JX,Sean Cuenin,Sean Cuenin,630,51,https://www.atptour.com/en/rankings/singles?dateWeek=2025-06-16&rankRange=0-5000,2026-03-22T00:41:33Z
atp,2025-06-16,S0VO,Pawit Sornlaksup,Pawit Sornlaksup,631,51,https://www.atptour.com/en/rankings/singles?dateWeek=2025-06-16&rankRange=0-5000,2026-03-22T00:41:33Z
atp,2025-06-16,KG27,Strong Kirchheimer,Strong Kirchheimer,632,51,https://www.atptour.com/en/rankings/singles?dateWeek=2025-06-16&rankRange=0-5000,2026-03-22T00:41:33Z
atp,2025-06-16,KE17,Nick Kyrgios,Nick Kyrgios,633,50,https://www.atptour.com/en/rankings/singles?dateWeek=2025-06-16&rankRange=0-5000,2026-03-22T00:41:33Z
atp,2025-06-16,R975,Milos Raonic,Milos Raonic,634,50,https://www.atptour.com/en/rankings/singles?dateWeek=2025-06-16&rankRange=0-5000,2026-03-22T00:41:33Z
atp,2025-06-16,CF60,Pawel Juszczak,Pawel Juszczak,635,50,https://www.atptour.com/en/rankings/singles?dateWeek=2025-06-16&rankRange=0-5000,2026-03-22T00:41:33Z
atp,2025-06-16,SK47,Mohamed Safwat,Mohamed Safwat,636,50,https://www.atptour.com/en/rankings/singles?dateWeek=2025-06-16&rankRange=0-5000,2026-03-22T00:41:33Z
atp,2025-06-16,T0IA,Ryotaro Taguchi,Ryotaro Taguchi,637,50,https://www.atptour.com/en/rankings/singles?dateWeek=2025-06-16&rankRange=0-5000,2026-03-22T00:41:33Z
atp,2025-06-16,H0EK,Emile Hudd,Emile Hudd,638,50,https://www.atptour.com/en/rankings/singles?dateWeek=2025-06-16&rankRange=0-5000,2026-03-22T00:41:33Z
atp,2025-06-16,J732,Ben Jones,Ben Jones,639,50,https://www.atptour.com/en/rankings/singles?dateWeek=2025-06-16&rankRange=0-5000,2026-03-22T00:41:33Z
atp,2025-06-16,P0E9,Dominik Palan,Dominik Palan,640,50,https://www.atptour.com/en/rankings/singles?dateWeek=2025-06-16&rankRange=0-5000,2026-03-22T00:41:33Z
atp,2025-06-16,O656,Adrian Oetzbach,Adrian Oetzbach,641,50,https://www.atptour.com/en/rankings/singles?dateWeek=2025-06-16&rankRange=0-5000,2026-03-22T00:41:33Z
atp,2025-06-16,O659,Vladyslav Orlov,Vladyslav Orlov,642,50,https://www.atptour.com/en/rankings/singles?dateWeek=2025-06-16&rankRange=0-5000,2026-03-22T00:41:33Z
atp,2025-06-16,K0HZ,Aidan Kim,Aidan Kim,643,49,https://www.atptour.com/en/rankings/singles?dateWeek=2025-06-16&rankRange=0-5000,2026-03-22T00:41:33Z
atp,2025-06-16,C0JT,Robin Catry,Robin Catry,644,49,https://www.atptour.com/en/rankings/singles?dateWeek=2025-06-16&rankRange=0-5000,2026-03-22T00:41:33Z
atp,2025-06-16,N830,Johan Nikles,Johan Nikles,645,49,https://www.atptour.com/en/rankings/singles?dateWeek=2025-06-16&rankRange=0-5000,2026-03-22T00:41:33Z
atp,2025-06-16,B0A0,Maxence Beauge,Maxence Beauge,646,49,https://www.atptour.com/en/rankings/singles?dateWeek=2025-06-16&rankRange=0-5000,2026-03-22T00:41:33Z
atp,2025-06-16,T0GR,Oliver Tarvet,Oliver Tarvet,647,48,https://www.atptour.com/en/rankings/singles?dateWeek=2025-06-16&rankRange=0-5000,2026-03-22T00:41:33Z
atp,2025-06-16,R0KD,Mees Rottgering,Mees Rottgering,648,48,https://www.atptour.com/en/rankings/singles?dateWeek=2025-06-16&rankRange=0-5000,2026-03-22T00:41:33Z
atp,2025-06-16,BK19,Mathias Bourgue,Mathias Bourgue,649,48,https://www.atptour.com/en/rankings/singles?dateWeek=2025-06-16&rankRange=0-5000,2026-03-22T00:41:33Z
atp,2025-06-16,M0BW,Ye Cong Mo,Ye Cong Mo,650,48,https://www.atptour.com/en/rankings/singles?dateWeek=2025-06-16&rankRange=0-5000,2026-03-22T00:41:33Z
atp,2025-06-16,LF26,Orlando Luz,Orlando Luz,651,47,https://www.atptour.com/en/rankings/singles?dateWeek=2025-06-16&rankRange=0-5000,2026-03-22T00:41:33Z
atp,2025-06-16,X01A,Linang Xiao,Linang Xiao,652,47,https://www.atptour.com/en/rankings/singles?dateWeek=2025-06-16&rankRange=0-5000,2026-03-22T00:41:33Z
atp,2025-06-16,I0A6,Taisei Ichikawa,Taisei Ichikawa,653,47,https://www.atptour.com/en/rankings/singles?dateWeek=2025-06-16&rankRange=0-5000,2026-03-22T00:41:33Z
atp,2025-06-16,M0SC,Hayato Matsuoka,Hayato Matsuoka,654,47,https://www.atptour.com/en/rankings/singles?dateWeek=2025-06-16&rankRange=0-5000,2026-03-22T00:41:33Z
atp,2025-06-16,C0DS,Thanapet Chanta,Thanapet Chanta,655,47,https://www.atptour.com/en/rankings/singles?dateWeek=2025-06-16&rankRange=0-5000,2026-03-22T00:41:33Z
atp,2025-06-16,BU32,Lucas Bouquet,Lucas Bouquet,656,47,https://www.atptour.com/en/rankings/singles?dateWeek=2025-06-16&rankRange=0-5000,2026-03-22T00:41:33Z
atp,2025-06-16,G0EQ,Sebastian Gima,Sebastian Gima,657,47,https://www.atptour.com/en/rankings/singles?dateWeek=2025-06-16&rankRange=0-5000,2026-03-22T00:41:33Z
atp,2025-06-16,VA15,Duarte Vale,Duarte Vale,658,46,https://www.atptour.com/en/rankings/singles?dateWeek=2025-06-16&rankRange=0-5000,2026-03-22T00:41:33Z
atp,2025-06-16,N652,JiSung Nam,Jisung Nam,659,46,https://www.atptour.com/en/rankings/singles?dateWeek=2025-06-16&rankRange=0-5000,2026-03-22T00:41:33Z
atp,2025-06-16,Z0D1,Tianhui Zhang,Tianhui Zhang,660,46,https://www.atptour.com/en/rankings/singles?dateWeek=2025-06-16&rankRange=0-5000,2026-03-22T00:41:33Z
atp,2025-06-16,G0EU,Felix Gill,Felix Gill,661,46,https://www.atptour.com/en/rankings/singles?dateWeek=2025-06-16&rankRange=0-5000,2026-03-22T00:41:33Z
atp,2025-06-16,P0ED,Kiranpal Pannu,Kiranpal Pannu,662,46,https://www.atptour.com/en/rankings/singles?dateWeek=2025-06-16&rankRange=0-5000,2026-03-22T00:41:33Z
atp,2025-06-16,CH80,Luca Castelnuovo,Luca Castelnuovo,663,46,https://www.atptour.com/en/rankings/singles?dateWeek=2025-06-16&rankRange=0-5000,2026-03-22T00:41:33Z
atp,2025-06-16,L0ID,Jack Loge,Jack Loge,664,46,https://www.atptour.com/en/rankings/singles?dateWeek=2025-06-16&rankRange=0-5000,2026-03-22T00:41:33Z
atp,2025-06-16,DH46,Alexander Donski,Alexander Donski,665,45,https://www.atptour.com/en/rankings/singles?dateWeek=2025-06-16&rankRange=0-5000,2026-03-22T00:41:33Z
atp,2025-06-16,P0K5,Theo Papamalamis,Theo Papamalamis,666,45,https://www.atptour.com/en/rankings/singles?dateWeek=2025-06-16&rankRange=0-5000,2026-03-22T00:41:33Z
atp,2025-06-16,N679,Stefano Napolitano,Stefano Napolitano,667,45,https://www.atptour.com/en/rankings/singles?dateWeek=2025-06-16&rankRange=0-5000,2026-03-22T00:41:33Z
atp,2025-06-16,HH15,Mikalai Haliak,Mikalai Haliak,668,45,https://www.atptour.com/en/rankings/singles?dateWeek=2025-06-16&rankRange=0-5000,2026-03-22T00:41:33Z
atp,2025-06-16,G0MI,Adhithya Ganesan,Adhithya Ganesan,669,45,https://www.atptour.com/en/rankings/singles?dateWeek=2025-06-16&rankRange=0-5000,2026-03-22T00:41:33Z
atp,2025-06-16,G0CV,Buvaysar Gadamauri,Buvaysar Gadamauri,670,45,https://www.atptour.com/en/rankings/singles?dateWeek=2025-06-16&rankRange=0-5000,2026-03-22T00:41:33Z
atp,2025-06-16,B0BK,Aleksandr Braynin,Aleksandr Braynin,671,45,https://www.atptour.com/en/rankings/singles?dateWeek=2025-06-16&rankRange=0-5000,2026-03-22T00:41:33Z
atp,2025-06-16,E0BO,Nino Ehrenschneider,Nino Ehrenschneider,672,45,https://www.atptour.com/en/rankings/singles?dateWeek=2025-06-16&rankRange=0-5000,2026-03-22T00:41:33Z
atp,2025-06-16,O09T,Kosuke Ogura,Kosuke Ogura,673,45,https://www.atptour.com/en/rankings/singles?dateWeek=2025-06-16&rankRange=0-5000,2026-03-22T00:41:33Z
atp,2025-06-16,PI96,Sergi Perez Contri,Sergi Perez Contri,674,45,https://www.atptour.com/en/rankings/singles?dateWeek=2025-06-16&rankRange=0-5000,2026-03-22T00:41:33Z
atp,2025-06-16,J0DZ,Rafael Jodar,Rafael Jodar,675,44,https://www.atptour.com/en/rankings/singles?dateWeek=2025-06-16&rankRange=0-5000,2026-03-22T00:41:33Z
atp,2025-06-16,P0MG,Raphael Perot,Raphael Perot,676,44,https://www.atptour.com/en/rankings/singles?dateWeek=2025-06-16&rankRange=0-5000,2026-03-22T00:41:33Z
atp,2025-06-16,M0EN,Manuel Mazza,Manuel Mazza,677,44,https://www.atptour.com/en/rankings/singles?dateWeek=2025-06-16&rankRange=0-5000,2026-03-22T00:41:33Z
atp,2025-06-16,BE67,Mirza Basic,Mirza Basic,678,44,https://www.atptour.com/en/rankings/singles?dateWeek=2025-06-16&rankRange=0-5000,2026-03-22T00:41:33Z
atp,2025-06-16,BT68,Elliot Benchetrit,Elliot Benchetrit,679,44,https://www.atptour.com/en/rankings/singles?dateWeek=2025-06-16&rankRange=0-5000,2026-03-22T00:41:33Z
atp,2025-06-16,KG49,Denis Klok,Denis Klok,680,44,https://www.atptour.com/en/rankings/singles?dateWeek=2025-06-16&rankRange=0-5000,2026-03-22T00:41:33Z
atp,2025-06-16,M0TE,Pavle Marinkov,Pavle Marinkov,681,44,https://www.atptour.com/en/rankings/singles?dateWeek=2025-06-16&rankRange=0-5000,2026-03-22T00:41:33Z
atp,2025-06-16,K0L1,Michal Krajci,Michal Krajci,682,44,https://www.atptour.com/en/rankings/singles?dateWeek=2025-06-16&rankRange=0-5000,2026-03-22T00:41:33Z
atp,2025-06-16,S0LR,John Sperle,John Sperle,683,44,https://www.atptour.com/en/rankings/singles?dateWeek=2025-06-16&rankRange=0-5000,2026-03-22T00:41:33Z
atp,2025-06-16,S0JB,Noah Schachter,Noah Schachter,684,44,https://www.atptour.com/en/rankings/singles?dateWeek=2025-06-16&rankRange=0-5000,2026-03-22T00:41:33Z
atp,2025-06-16,R0F1,Johan Alexander Rodriguez,Johan Alexander Rodriguez,685,43,https://www.atptour.com/en/rankings/singles?dateWeek=2025-06-16&rankRange=0-5000,2026-03-22T00:41:33Z
atp,2025-06-16,SQ79,Colin Sinclair,Colin Sinclair,686,43,https://www.atptour.com/en/rankings/singles?dateWeek=2025-06-16&rankRange=0-5000,2026-03-22T00:41:33Z
atp,2025-06-16,S0T1,Joao Eduardo Schiessl,Joao Eduardo Schiessl,687,43,https://www.atptour.com/en/rankings/singles?dateWeek=2025-06-16&rankRange=0-5000,2026-03-22T00:41:33Z
atp,2025-06-16,S0QZ,Sebastian Sorger,Sebastian Sorger,688,42,https://www.atptour.com/en/rankings/singles?dateWeek=2025-06-16&rankRange=0-5000,2026-03-22T00:41:33Z
atp,2025-06-16,R0F6,Francisco Rocha,Francisco Rocha,689,42,https://www.atptour.com/en/rankings/singles?dateWeek=2025-06-16&rankRange=0-5000,2026-03-22T00:41:33Z
atp,2025-06-16,R0B6,Lorenzo Rottoli,Lorenzo Rottoli,690,42,https://www.atptour.com/en/rankings/singles?dateWeek=2025-06-16&rankRange=0-5000,2026-03-22T00:41:33Z
atp,2025-06-16,MV75,Ignacio Monzon,Ignacio Monzon,691,42,https://www.atptour.com/en/rankings/singles?dateWeek=2025-06-16&rankRange=0-5000,2026-03-22T00:41:33Z
atp,2025-06-16,G0DD,William Grant,William Grant,692,42,https://www.atptour.com/en/rankings/singles?dateWeek=2025-06-16&rankRange=0-5000,2026-03-22T00:41:33Z
atp,2025-06-16,M0L2,Alejandro Manzanera Pertusa,Alejandro Manzanera Pertusa,693,42,https://www.atptour.com/en/rankings/singles?dateWeek=2025-06-16&rankRange=0-5000,2026-03-22T00:41:33Z
atp,2025-06-16,H0EZ,Samir Hamza Reguig,Samir Hamza Reguig,694,42,https://www.atptour.com/en/rankings/singles?dateWeek=2025-06-16&rankRange=0-5000,2026-03-22T00:41:33Z
atp,2025-06-16,D0LY,Emilien Demanet,Emilien Demanet,695,42,https://www.atptour.com/en/rankings/singles?dateWeek=2025-06-16&rankRange=0-5000,2026-03-22T00:41:33Z
atp,2025-06-16,KB09,Denis Kudla,Denis Kudla,696,41,https://www.atptour.com/en/rankings/singles?dateWeek=2025-06-16&rankRange=0-5000,2026-03-22T00:41:33Z
atp,2025-06-16,M0GP,Filippo Moroni,Filippo Moroni,697,41,https://www.atptour.com/en/rankings/singles?dateWeek=2025-06-16&rankRange=0-5000,2026-03-22T00:41:33Z
atp,2025-06-16,D0IO,Tuncay Duran,Tuncay Duran,698,41,https://www.atptour.com/en/rankings/singles?dateWeek=2025-06-16&rankRange=0-5000,2026-03-22T00:41:33Z
atp,2025-06-16,S0R5,Ilya Snitari,Ilya Snitari,699,41,https://www.atptour.com/en/rankings/singles?dateWeek=2025-06-16&rankRange=0-5000,2026-03-22T00:41:33Z
atp,2025-06-16,L0AT,Imanol Lopez Morillo,Imanol Lopez Morillo,700,41,https://www.atptour.com/en/rankings/singles?dateWeek=2025-06-16&rankRange=0-5000,2026-03-22T00:41:33Z
atp,2025-06-16,AG57,Leonardo Aboian,Leonardo Aboian,701,41,https://www.atptour.com/en/rankings/singles?dateWeek=2025-06-16&rankRange=0-5000,2026-03-22T00:41:33Z
atp,2025-06-16,M09M,Ivan Marrero Curbelo,Ivan Marrero Curbelo,702,41,https://www.atptour.com/en/rankings/singles?dateWeek=2025-06-16&rankRange=0-5000,2026-03-22T00:41:33Z
atp,2025-06-16,R0JH,Pedro Rodrigues,Pedro Rodrigues,703,40,https://www.atptour.com/en/rankings/singles?dateWeek=2025-06-16&rankRange=0-5000,2026-03-22T00:41:33Z
atp,2025-06-16,K0HL,Kyle Kang,Kyle Kang,704,40,https://www.atptour.com/en/rankings/singles?dateWeek=2025-06-16&rankRange=0-5000,2026-03-22T00:41:33Z
atp,2025-06-16,H0B7,Trey Hilderbrand,Trey Hilderbrand,705,40,https://www.atptour.com/en/rankings/singles?dateWeek=2025-06-16&rankRange=0-5000,2026-03-22T00:41:33Z
atp,2025-06-16,P0AV,Uisung Park,Uisung Park,706,40,https://www.atptour.com/en/rankings/singles?dateWeek=2025-06-16&rankRange=0-5000,2026-03-22T00:41:33Z
atp,2025-06-16,D0K3,Guillaume Dalmasso,Guillaume Dalmasso,707,40,https://www.atptour.com/en/rankings/singles?dateWeek=2025-06-16&rankRange=0-5000,2026-03-22T00:41:33Z
atp,2025-06-16,B0HF,Diego Augusto Barreto Sanchez,Diego Augusto Barreto Sanchez,708,40,https://www.atptour.com/en/rankings/singles?dateWeek=2025-06-16&rankRange=0-5000,2026-03-22T00:41:33Z
atp,2025-06-16,B0IZ,Devin Badenhorst,Devin Badenhorst,709,39,https://www.atptour.com/en/rankings/singles?dateWeek=2025-06-16&rankRange=0-5000,2026-03-22T00:41:33Z
atp,2025-06-16,A0K3,Nicolas Arseneault,Nicolas Arseneault,710,39,https://www.atptour.com/en/rankings/singles?dateWeek=2025-06-16&rankRange=0-5000,2026-03-22T00:41:33Z
atp,2025-06-16,L0DM,Alejo Lorenzo Lingua Lavallen,Alejo Lorenzo Lingua Lavallen,711,39,https://www.atptour.com/en/rankings/singles?dateWeek=2025-06-16&rankRange=0-5000,2026-03-22T00:41:33Z
atp,2025-06-16,W0BD,Deney Wassermann,Deney Wassermann,712,39,https://www.atptour.com/en/rankings/singles?dateWeek=2025-06-16&rankRange=0-5000,2026-03-22T00:41:33Z
atp,2025-06-16,A09Q,Mert Alkaya,Mert Alkaya,713,39,https://www.atptour.com/en/rankings/singles?dateWeek=2025-06-16&rankRange=0-5000,2026-03-22T00:41:33Z
atp,2025-06-16,DH23,S D Prajwal Dev,S D Prajwal Dev,714,39,https://www.atptour.com/en/rankings/singles?dateWeek=2025-06-16&rankRange=0-5000,2026-03-22T00:41:33Z
atp,2025-06-16,D0I6,Yaroslav Demin,Yaroslav Demin,715,39,https://www.atptour.com/en/rankings/singles?dateWeek=2025-06-16&rankRange=0-5000,2026-03-22T00:41:33Z
atp,2025-06-16,LA54,Wilson Leite,Wilson Leite,716,39,https://www.atptour.com/en/rankings/singles?dateWeek=2025-06-16&rankRange=0-5000,2026-03-22T00:41:33Z
atp,2025-06-16,TB70,Wishaya Trongcharoenchaikul,Wishaya Trongcharoenchaikul,717,39,https://www.atptour.com/en/rankings/singles?dateWeek=2025-06-16&rankRange=0-5000,2026-03-22T00:41:33Z
atp,2025-06-16,G0D9,Igor Gimenez,Igor Gimenez,718,38,https://www.atptour.com/en/rankings/singles?dateWeek=2025-06-16&rankRange=0-5000,2026-03-22T00:41:33Z
atp,2025-06-16,N0BE,Adam Neff,Adam Neff,719,37,https://www.atptour.com/en/rankings/singles?dateWeek=2025-06-16&rankRange=0-5000,2026-03-22T00:41:33Z
atp,2025-06-16,B0OT,Jacob Bradshaw,Jacob Bradshaw,720,37,https://www.atptour.com/en/rankings/singles?dateWeek=2025-06-16&rankRange=0-5000,2026-03-22T00:41:33Z
atp,2025-06-16,LH70,Kuan-Yi Lee,Kuan Yi Lee,721,37,https://www.atptour.com/en/rankings/singles?dateWeek=2025-06-16&rankRange=0-5000,2026-03-22T00:41:33Z
atp,2025-06-16,W0ED,James Watt,James Watt,722,37,https://www.atptour.com/en/rankings/singles?dateWeek=2025-06-16&rankRange=0-5000,2026-03-22T00:41:33Z
atp,2025-06-16,G0I3,Massimo Giunta,Massimo Giunta,723,37,https://www.atptour.com/en/rankings/singles?dateWeek=2025-06-16&rankRange=0-5000,2026-03-22T00:41:33Z
atp,2025-06-16,S0IV,Paulo Andre Saraiva Dos Santos,Paulo Andre Saraiva Dos Santos,724,37,https://www.atptour.com/en/rankings/singles?dateWeek=2025-06-16&rankRange=0-5000,2026-03-22T00:41:33Z
atp,2025-06-16,D0JI,Manas Dhamne,Manas Dhamne,725,37,https://www.atptour.com/en/rankings/singles?dateWeek=2025-06-16&rankRange=0-5000,2026-03-22T00:41:33Z
atp,2025-06-16,SX77,Isaiah Strode,Isaiah Strode,726,36,https://www.atptour.com/en/rankings/singles?dateWeek=2025-06-16&rankRange=0-5000,2026-03-22T00:41:33Z
atp,2025-06-16,V0DG,Quinn Vandecasteele,Quinn Vandecasteele,727,36,https://www.atptour.com/en/rankings/singles?dateWeek=2025-06-16&rankRange=0-5000,2026-03-22T00:41:33Z
atp,2025-06-16,V0G6,Leo Vithoontien,Leo Vithoontien,728,36,https://www.atptour.com/en/rankings/singles?dateWeek=2025-06-16&rankRange=0-5000,2026-03-22T00:41:33Z
atp,2025-06-16,BI47,Riccardo Bonadio,Riccardo Bonadio,729,35,https://www.atptour.com/en/rankings/singles?dateWeek=2025-06-16&rankRange=0-5000,2026-03-22T00:41:33Z
atp,2025-06-16,L0ER,Timo Legout,Timo Legout,730,35,https://www.atptour.com/en/rankings/singles?dateWeek=2025-06-16&rankRange=0-5000,2026-03-22T00:41:33Z
atp,2025-06-16,SQ80,Akira Santillan,Akira Santillan,731,35,https://www.atptour.com/en/rankings/singles?dateWeek=2025-06-16&rankRange=0-5000,2026-03-22T00:41:33Z
atp,2025-06-16,A0DV,Arda Azkara,Arda Azkara,732,35,https://www.atptour.com/en/rankings/singles?dateWeek=2025-06-16&rankRange=0-5000,2026-03-22T00:41:33Z
atp,2025-06-16,P0B6,Savva Polukhin,Savva Polukhin,733,35,https://www.atptour.com/en/rankings/singles?dateWeek=2025-06-16&rankRange=0-5000,2026-03-22T00:41:33Z
atp,2025-06-16,MO76,Gergely Madarasz,Gergely Madarasz,734,35,https://www.atptour.com/en/rankings/singles?dateWeek=2025-06-16&rankRange=0-5000,2026-03-22T00:41:33Z
atp,2025-06-16,S0VM,Trevor Svajda,Trevor Svajda,735,34,https://www.atptour.com/en/rankings/singles?dateWeek=2025-06-16&rankRange=0-5000,2026-03-22T00:41:33Z
atp,2025-06-16,B0A1,Martin Borisiouk,Martin Borisiouk,736,34,https://www.atptour.com/en/rankings/singles?dateWeek=2025-06-16&rankRange=0-5000,2026-03-22T00:41:33Z
atp,2025-06-16,CF10,Nick Chappell,Nick Chappell,737,34,https://www.atptour.com/en/rankings/singles?dateWeek=2025-06-16&rankRange=0-5000,2026-03-22T00:41:33Z
atp,2025-06-16,B0E4,Mateo Barreiros Reyes,Mateo Barreiros Reyes,738,34,https://www.atptour.com/en/rankings/singles?dateWeek=2025-06-16&rankRange=0-5000,2026-03-22T00:41:33Z
atp,2025-06-16,T0G2,Mariano Tammaro,Mariano Tammaro,739,34,https://www.atptour.com/en/rankings/singles?dateWeek=2025-06-16&rankRange=0-5000,2026-03-22T00:41:33Z
atp,2025-06-16,S0RF,Marcello Serafini,Marcello Serafini,740,34,https://www.atptour.com/en/rankings/singles?dateWeek=2025-06-16&rankRange=0-5000,2026-03-22T00:41:33Z
atp,2025-06-16,C0C1,Niccolo Catini,Niccolo Catini,741,34,https://www.atptour.com/en/rankings/singles?dateWeek=2025-06-16&rankRange=0-5000,2026-03-22T00:41:33Z
atp,2025-06-16,Y0BF,Gavin Young,Gavin Young,742,33,https://www.atptour.com/en/rankings/singles?dateWeek=2025-06-16&rankRange=0-5000,2026-03-22T00:41:33Z
atp,2025-06-16,P0FV,Filip Jeff Planinsek,Filip Jeff Planinsek,743,33,https://www.atptour.com/en/rankings/singles?dateWeek=2025-06-16&rankRange=0-5000,2026-03-22T00:41:33Z
atp,2025-06-16,V0BC,Cyril Vandermeersch,Cyril Vandermeersch,744,33,https://www.atptour.com/en/rankings/singles?dateWeek=2025-06-16&rankRange=0-5000,2026-03-22T00:41:33Z
atp,2025-06-16,S0NN,Joshua Sheehy,Joshua Sheehy,745,33,https://www.atptour.com/en/rankings/singles?dateWeek=2025-06-16&rankRange=0-5000,2026-03-22T00:41:33Z
atp,2025-06-16,B0F8,Justin Boulais,Justin Boulais,746,33,https://www.atptour.com/en/rankings/singles?dateWeek=2025-06-16&rankRange=0-5000,2026-03-22T00:41:33Z
atp,2025-06-16,Y0A8,Taiyo Yamanaka,Taiyo Yamanaka,749,33,https://www.atptour.com/en/rankings/singles?dateWeek=2025-06-16&rankRange=0-5000,2026-03-22T00:41:33Z
atp,2025-06-16,Y268,Mikael Ymer,Mikael Ymer,750,32,https://www.atptour.com/en/rankings/singles?dateWeek=2025-06-16&rankRange=0-5000,2026-03-22T00:41:33Z
atp,2025-06-16,D864,Evgeny Donskoy,Evgeny Donskoy,751,32,https://www.atptour.com/en/rankings/singles?dateWeek=2025-06-16&rankRange=0-5000,2026-03-22T00:41:33Z
atp,2025-06-16,K0HO,Orel Kimhi,Orel Kimhi,752,32,https://www.atptour.com/en/rankings/singles?dateWeek=2025-06-16&rankRange=0-5000,2026-03-22T00:41:33Z
atp,2025-06-16,P0FU,Filip Pieczonka,Filip Pieczonka,753,32,https://www.atptour.com/en/rankings/singles?dateWeek=2025-06-16&rankRange=0-5000,2026-03-22T00:41:33Z
atp,2025-06-16,KG53,Alexander Klintcharov,Alexander Klintcharov,754,32,https://www.atptour.com/en/rankings/singles?dateWeek=2025-06-16&rankRange=0-5000,2026-03-22T00:41:33Z
atp,2025-06-16,F0AF,Lautaro Agustin Falabella,Lautaro Agustin Falabella,755,32,https://www.atptour.com/en/rankings/singles?dateWeek=2025-06-16&rankRange=0-5000,2026-03-22T00:41:33Z
atp,2025-06-16,D0HM,Matthew William Donald,Matthew William Donald,756,32,https://www.atptour.com/en/rankings/singles?dateWeek=2025-06-16&rankRange=0-5000,2026-03-22T00:41:33Z
atp,2025-06-16,B0D6,Taha Baadi,Taha Baadi,757,32,https://www.atptour.com/en/rankings/singles?dateWeek=2025-06-16&rankRange=0-5000,2026-03-22T00:41:33Z
atp,2025-06-16,MV39,Tomohiro Masabayashi,Tomohiro Masabayashi,758,32,https://www.atptour.com/en/rankings/singles?dateWeek=2025-06-16&rankRange=0-5000,2026-03-22T00:41:33Z
atp,2025-06-16,A0G8,Amr Elsayed,Amr Elsayed,759,32,https://www.atptour.com/en/rankings/singles?dateWeek=2025-06-16&rankRange=0-5000,2026-03-22T00:41:33Z
atp,2025-06-16,M0FN,Khololwam Montsi,Khololwam Montsi,760,31,https://www.atptour.com/en/rankings/singles?dateWeek=2025-06-16&rankRange=0-5000,2026-03-22T00:41:33Z
atp,2025-06-16,O0BQ,Karlis Ozolins,Karlis Ozolins,761,31,https://www.atptour.com/en/rankings/singles?dateWeek=2025-06-16&rankRange=0-5000,2026-03-22T00:41:33Z
atp,2025-06-16,F664,Sebastian Fanselow,Sebastian Fanselow,762,31,https://www.atptour.com/en/rankings/singles?dateWeek=2025-06-16&rankRange=0-5000,2026-03-22T00:41:33Z
atp,2025-06-16,PL80,Bogdan Pavel,Bogdan Pavel,763,31,https://www.atptour.com/en/rankings/singles?dateWeek=2025-06-16&rankRange=0-5000,2026-03-22T00:41:33Z
atp,2025-06-16,G0FF,Axel Garcian,Axel Garcian,764,31,https://www.atptour.com/en/rankings/singles?dateWeek=2025-06-16&rankRange=0-5000,2026-03-22T00:41:33Z
atp,2025-06-16,M0J2,Pablo Masjuan Ginel,Pablo Masjuan Ginel,765,31,https://www.atptour.com/en/rankings/singles?dateWeek=2025-06-16&rankRange=0-5000,2026-03-22T00:41:33Z
atp,2025-06-16,K0AK,Yuta Kawahashi,Yuta Kawahashi,766,31,https://www.atptour.com/en/rankings/singles?dateWeek=2025-06-16&rankRange=0-5000,2026-03-22T00:41:33Z
atp,2025-06-16,S0Y7,Matthew Summers,Matthew Summers,767,31,https://www.atptour.com/en/rankings/singles?dateWeek=2025-06-16&rankRange=0-5000,2026-03-22T00:41:33Z
atp,2025-06-16,F0BP,Pietro Fellin,Pietro Fellin,768,31,https://www.atptour.com/en/rankings/singles?dateWeek=2025-06-16&rankRange=0-5000,2026-03-22T00:41:33Z
atp,2025-06-16,M0KA,Yanaki Milev,Yanaki Milev,769,31,https://www.atptour.com/en/rankings/singles?dateWeek=2025-06-16&rankRange=0-5000,2026-03-22T00:41:33Z
atp,2025-06-16,R0JW,Michele Ribecai,Michele Ribecai,770,31,https://www.atptour.com/en/rankings/singles?dateWeek=2025-06-16&rankRange=0-5000,2026-03-22T00:41:33Z
atp,2025-06-16,Y0BB,Ali Yazdani,Ali Yazdani,771,30,https://www.atptour.com/en/rankings/singles?dateWeek=2025-06-16&rankRange=0-5000,2026-03-22T00:41:33Z
atp,2025-06-16,GJ05,Alexis Gautier,Alexis Gautier,772,30,https://www.atptour.com/en/rankings/singles?dateWeek=2025-06-16&rankRange=0-5000,2026-03-22T00:41:33Z
atp,2025-06-16,V0DX,Bautista Vilicich,Bautista Vilicich,773,30,https://www.atptour.com/en/rankings/singles?dateWeek=2025-06-16&rankRange=0-5000,2026-03-22T00:41:33Z
atp,2025-06-16,P0I5,Ignacio Parisca Romera,Ignacio Parisca Romera,774,30,https://www.atptour.com/en/rankings/singles?dateWeek=2025-06-16&rankRange=0-5000,2026-03-22T00:41:33Z
atp,2025-06-16,W712,Kai Wehnelt,Kai Wehnelt,775,30,https://www.atptour.com/en/rankings/singles?dateWeek=2025-06-16&rankRange=0-5000,2026-03-22T00:41:33Z
atp,2025-06-16,V0BP,Marlon Vankan,Marlon Vankan,776,30,https://www.atptour.com/en/rankings/singles?dateWeek=2025-06-16&rankRange=0-5000,2026-03-22T00:41:33Z
atp,2025-06-16,C0MX,Dragos Nicolae Cazacu,Dragos Nicolae Cazacu,777,30,https://www.atptour.com/en/rankings/singles?dateWeek=2025-06-16&rankRange=0-5000,2026-03-22T00:41:33Z
atp,2025-06-16,B0TP,Henry Bernet,Henry Bernet,778,29,https://www.atptour.com/en/rankings/singles?dateWeek=2025-06-16&rankRange=0-5000,2026-03-22T00:41:33Z
atp,2025-06-16,B0AM,Lorenzo Bocchi,Lorenzo Bocchi,779,29,https://www.atptour.com/en/rankings/singles?dateWeek=2025-06-16&rankRange=0-5000,2026-03-22T00:41:33Z
atp,2025-06-16,C0HX,Ozan Baris,Ozan Baris,780,29,https://www.atptour.com/en/rankings/singles?dateWeek=2025-06-16&rankRange=0-5000,2026-03-22T00:41:33Z
atp,2025-06-16,D0DB,Pierre Delage,Pierre Delage,781,29,https://www.atptour.com/en/rankings/singles?dateWeek=2025-06-16&rankRange=0-5000,2026-03-22T00:41:33Z
atp,2025-06-16,S0GF,Maik Steiner,Maik Steiner,782,29,https://www.atptour.com/en/rankings/singles?dateWeek=2025-06-16&rankRange=0-5000,2026-03-22T00:41:33Z
atp,2025-06-16,T0AG,Zura Tkemaladze,Zura Tkemaladze,783,29,https://www.atptour.com/en/rankings/singles?dateWeek=2025-06-16&rankRange=0-5000,2026-03-22T00:41:33Z
atp,2025-06-16,D0D9,Stefano D'Agostino,Stefano D'agostino,784,29,https://www.atptour.com/en/rankings/singles?dateWeek=2025-06-16&rankRange=0-5000,2026-03-22T00:41:33Z
atp,2025-06-16,CL82,Daniel Cukierman,Daniel Cukierman,785,28,https://www.atptour.com/en/rankings/singles?dateWeek=2025-06-16&rankRange=0-5000,2026-03-22T00:41:33Z
atp,2025-06-16,F0A4,Francesco Forti,Francesco Forti,786,28,https://www.atptour.com/en/rankings/singles?dateWeek=2025-06-16&rankRange=0-5000,2026-03-22T00:41:33Z
atp,2025-06-16,D0HS,Dinko Dinev,Dinko Dinev,787,28,https://www.atptour.com/en/rankings/singles?dateWeek=2025-06-16&rankRange=0-5000,2026-03-22T00:41:33Z
atp,2025-06-16,H0BA,Shinji Hazawa,Shinji Hazawa,788,28,https://www.atptour.com/en/rankings/singles?dateWeek=2025-06-16&rankRange=0-5000,2026-03-22T00:41:33Z
atp,2025-06-16,T0CU,Fausto Tabacco,Fausto Tabacco,789,28,https://www.atptour.com/en/rankings/singles?dateWeek=2025-06-16&rankRange=0-5000,2026-03-22T00:41:33Z
atp,2025-06-16,V0BS,Martin Van Der Meerschen,Martin Van Der Meerschen,790,28,https://www.atptour.com/en/rankings/singles?dateWeek=2025-06-16&rankRange=0-5000,2026-03-22T00:41:33Z
atp,2025-06-16,PL38,Sebastian Prechtel,Sebastian Prechtel,791,28,https://www.atptour.com/en/rankings/singles?dateWeek=2025-06-16&rankRange=0-5000,2026-03-22T00:41:33Z
atp,2025-06-16,K0EZ,Yuta Kikuchi,Yuta Kikuchi,792,28,https://www.atptour.com/en/rankings/singles?dateWeek=2025-06-16&rankRange=0-5000,2026-03-22T00:41:33Z
atp,2025-06-16,B0RN,Kane Bonsach Ganley,Kane Bonsach Ganley,793,28,https://www.atptour.com/en/rankings/singles?dateWeek=2025-06-16&rankRange=0-5000,2026-03-22T00:41:33Z
atp,2025-06-16,G0GZ,Liam Gavrielides,Liam Gavrielides,794,27,https://www.atptour.com/en/rankings/singles?dateWeek=2025-06-16&rankRange=0-5000,2026-03-22T00:41:33Z
atp,2025-06-16,I0BF,Ivan Ivanov,Ivan Ivanov,795,27,https://www.atptour.com/en/rankings/singles?dateWeek=2025-06-16&rankRange=0-5000,2026-03-22T00:41:33Z
atp,2025-06-16,S0Y0,Andres Santamarta Roig,Andres Santamarta Roig,796,27,https://www.atptour.com/en/rankings/singles?dateWeek=2025-06-16&rankRange=0-5000,2026-03-22T00:41:33Z
atp,2025-06-16,K0CZ,Gilbert Klier Junior,Gilbert Klier Junior,797,27,https://www.atptour.com/en/rankings/singles?dateWeek=2025-06-16&rankRange=0-5000,2026-03-22T00:41:33Z
atp,2025-06-16,N0BU,Daniel Antonio Nunez,Daniel Antonio Nunez,798,27,https://www.atptour.com/en/rankings/singles?dateWeek=2025-06-16&rankRange=0-5000,2026-03-22T00:41:33Z
atp,2025-06-16,H0J1,Naoya Honda,Naoya Honda,799,27,https://www.atptour.com/en/rankings/singles?dateWeek=2025-06-16&rankRange=0-5000,2026-03-22T00:41:33Z
atp,2025-06-16,A0KH,Rodrigo Alujas,Rodrigo Alujas,800,27,https://www.atptour.com/en/rankings/singles?dateWeek=2025-06-16&rankRange=0-5000,2026-03-22T00:41:33Z
atp,2025-06-16,RH88,Alan Fernando Rubio Fierros,Alan Fernando Rubio Fierros,801,27,https://www.atptour.com/en/rankings/singles?dateWeek=2025-06-16&rankRange=0-5000,2026-03-22T00:41:33Z
atp,2025-06-16,K0BJ,Georgii Kravchenko,Georgii Kravchenko,802,27,https://www.atptour.com/en/rankings/singles?dateWeek=2025-06-16&rankRange=0-5000,2026-03-22T00:41:33Z
atp,2025-06-16,C0LK,Carlo Alberto Caniato,Carlo Alberto Caniato,803,27,https://www.atptour.com/en/rankings/singles?dateWeek=2025-06-16&rankRange=0-5000,2026-03-22T00:41:33Z
atp,2025-06-16,TG42,Louis Tessa,Louis Tessa,804,27,https://www.atptour.com/en/rankings/singles?dateWeek=2025-06-16&rankRange=0-5000,2026-03-22T00:41:33Z
atp,2025-06-16,B0BZ,Maxence Bertimon,Maxence Bertimon,805,27,https://www.atptour.com/en/rankings/singles?dateWeek=2025-06-16&rankRange=0-5000,2026-03-22T00:41:33Z
atp,2025-06-16,CO07,Ezekiel Clark,Ezekiel Clark,806,27,https://www.atptour.com/en/rankings/singles?dateWeek=2025-06-16&rankRange=0-5000,2026-03-22T00:41:33Z
atp,2025-06-16,T0I3,Miguel Tobon,Miguel Tobon,807,26,https://www.atptour.com/en/rankings/singles?dateWeek=2025-06-16&rankRange=0-5000,2026-03-22T00:41:33Z
atp,2025-06-16,H0EI,Millen Hurrion,Millen Hurrion,808,26,https://www.atptour.com/en/rankings/singles?dateWeek=2025-06-16&rankRange=0-5000,2026-03-22T00:41:33Z
atp,2025-06-16,W749,Enzo Wallart,Enzo Wallart,809,26,https://www.atptour.com/en/rankings/singles?dateWeek=2025-06-16&rankRange=0-5000,2026-03-22T00:41:33Z
atp,2025-06-16,F0GD,Jakub Filip,Jakub Filip,810,26,https://www.atptour.com/en/rankings/singles?dateWeek=2025-06-16&rankRange=0-5000,2026-03-22T00:41:33Z
atp,2025-06-16,MW69,Mwendwa Mbithi,Mwendwa Mbithi,811,26,https://www.atptour.com/en/rankings/singles?dateWeek=2025-06-16&rankRange=0-5000,2026-03-22T00:41:33Z
atp,2025-06-16,RB86,Sidharth Rawat,Sidharth Rawat,812,26,https://www.atptour.com/en/rankings/singles?dateWeek=2025-06-16&rankRange=0-5000,2026-03-22T00:41:33Z
atp,2025-06-16,J0AI,Miles Jones,Miles Jones,813,26,https://www.atptour.com/en/rankings/singles?dateWeek=2025-06-16&rankRange=0-5000,2026-03-22T00:41:33Z
atp,2025-06-16,F0HI,Ryan Fishback,Ryan Fishback,814,26,https://www.atptour.com/en/rankings/singles?dateWeek=2025-06-16&rankRange=0-5000,2026-03-22T00:41:33Z
atp,2025-06-16,P0HY,Samuele Pieri,Samuele Pieri,815,26,https://www.atptour.com/en/rankings/singles?dateWeek=2025-06-16&rankRange=0-5000,2026-03-22T00:41:33Z
atp,2025-06-16,ML51,Toby Martin,Toby Martin,816,26,https://www.atptour.com/en/rankings/singles?dateWeek=2025-06-16&rankRange=0-5000,2026-03-22T00:41:33Z
atp,2025-06-16,F0GS,Abel Forger,Abel Forger,817,26,https://www.atptour.com/en/rankings/singles?dateWeek=2025-06-16&rankRange=0-5000,2026-03-22T00:41:33Z
atp,2025-06-16,M0RO,Iannis Miletich,Iannis Miletich,818,26,https://www.atptour.com/en/rankings/singles?dateWeek=2025-06-16&rankRange=0-5000,2026-03-22T00:41:33Z
atp,2025-06-16,SZ36,Niklas Schell,Niklas Schell,819,26,https://www.atptour.com/en/rankings/singles?dateWeek=2025-06-16&rankRange=0-5000,2026-03-22T00:41:33Z
atp,2025-06-16,LG37,Grigoriy Lomakin,Grigoriy Lomakin,820,26,https://www.atptour.com/en/rankings/singles?dateWeek=2025-06-16&rankRange=0-5000,2026-03-22T00:41:33Z
atp,2025-06-16,O449,Oscar Otte,Oscar Otte,821,25,https://www.atptour.com/en/rankings/singles?dateWeek=2025-06-16&rankRange=0-5000,2026-03-22T00:41:33Z
atp,2025-06-16,V09T,Pedro Vives Marcos,Pedro Vives Marcos,822,25,https://www.atptour.com/en/rankings/singles?dateWeek=2025-06-16&rankRange=0-5000,2026-03-22T00:41:33Z
atp,2025-06-16,B0IF,Blu Baker,Blu Baker,823,25,https://www.atptour.com/en/rankings/singles?dateWeek=2025-06-16&rankRange=0-5000,2026-03-22T00:41:33Z
atp,2025-06-16,K0EL,Alexander Kotzen,Alexander Kotzen,824,25,https://www.atptour.com/en/rankings/singles?dateWeek=2025-06-16&rankRange=0-5000,2026-03-22T00:41:33Z
atp,2025-06-16,L0G8,Victor Lilov,Victor Lilov,825,25,https://www.atptour.com/en/rankings/singles?dateWeek=2025-06-16&rankRange=0-5000,2026-03-22T00:41:33Z
atp,2025-06-16,S0IK,Tyler Stice,Tyler Stice,826,25,https://www.atptour.com/en/rankings/singles?dateWeek=2025-06-16&rankRange=0-5000,2026-03-22T00:41:33Z
atp,2025-06-16,S0U5,Tai Sach,Tai Sach,827,25,https://www.atptour.com/en/rankings/singles?dateWeek=2025-06-16&rankRange=0-5000,2026-03-22T00:41:33Z
atp,2025-06-16,R0HQ,Leo Raquillet,Leo Raquillet,828,25,https://www.atptour.com/en/rankings/singles?dateWeek=2025-06-16&rankRange=0-5000,2026-03-22T00:41:33Z
atp,2025-06-16,R09T,Alexandre Reco,Alexandre Reco,829,25,https://www.atptour.com/en/rankings/singles?dateWeek=2025-06-16&rankRange=0-5000,2026-03-22T00:41:33Z
atp,2025-06-16,R0BF,Franco Ribero,Franco Ribero,830,25,https://www.atptour.com/en/rankings/singles?dateWeek=2025-06-16&rankRange=0-5000,2026-03-22T00:41:33Z
atp,2025-06-16,CN44,Tomas Curras Abasolo,Tomas Curras Abasolo,831,25,https://www.atptour.com/en/rankings/singles?dateWeek=2025-06-16&rankRange=0-5000,2026-03-22T00:41:33Z
atp,2025-06-16,I0BE,Saveliy Ivanov,Saveliy Ivanov,832,25,https://www.atptour.com/en/rankings/singles?dateWeek=2025-06-16&rankRange=0-5000,2026-03-22T00:41:33Z
atp,2025-06-16,LB84,Juan Ignacio Londero,Juan Ignacio Londero,833,24,https://www.atptour.com/en/rankings/singles?dateWeek=2025-06-16&rankRange=0-5000,2026-03-22T00:41:33Z
atp,2025-06-16,BF23,Facundo Bagnis,Facundo Bagnis,834,24,https://www.atptour.com/en/rankings/singles?dateWeek=2025-06-16&rankRange=0-5000,2026-03-22T00:41:33Z
atp,2025-06-16,Q02O,Rudy Quan,Rudy Quan,835,24,https://www.atptour.com/en/rankings/singles?dateWeek=2025-06-16&rankRange=0-5000,2026-03-22T00:41:33Z
atp,2025-06-16,H0K0,Cruz Hewitt,Cruz Hewitt,836,24,https://www.atptour.com/en/rankings/singles?dateWeek=2025-06-16&rankRange=0-5000,2026-03-22T00:41:33Z
atp,2025-06-16,D0CF,Savriyan Danilov,Savriyan Danilov,837,24,https://www.atptour.com/en/rankings/singles?dateWeek=2025-06-16&rankRange=0-5000,2026-03-22T00:41:33Z
atp,2025-06-16,K0O4,Moise Kouame,Moise Kouame,838,24,https://www.atptour.com/en/rankings/singles?dateWeek=2025-06-16&rankRange=0-5000,2026-03-22T00:41:33Z
atp,2025-06-16,R0IO,Vuk Radjenovic,Vuk Radjenovic,839,24,https://www.atptour.com/en/rankings/singles?dateWeek=2025-06-16&rankRange=0-5000,2026-03-22T00:41:33Z
atp,2025-06-16,L0CU,Tomas Serrano Luis,Tomas Serrano Luis,840,24,https://www.atptour.com/en/rankings/singles?dateWeek=2025-06-16&rankRange=0-5000,2026-03-22T00:41:33Z
atp,2025-06-16,H0HS,Matt Hulme,Matt Hulme,841,24,https://www.atptour.com/en/rankings/singles?dateWeek=2025-06-16&rankRange=0-5000,2026-03-22T00:41:33Z
atp,2025-06-16,F902,Jesse Flores,Jesse Flores,842,24,https://www.atptour.com/en/rankings/singles?dateWeek=2025-06-16&rankRange=0-5000,2026-03-22T00:41:33Z
atp,2025-06-16,B0WL,Felix Balshaw,Felix Balshaw,843,24,https://www.atptour.com/en/rankings/singles?dateWeek=2025-06-16&rankRange=0-5000,2026-03-22T00:41:33Z
atp,2025-06-16,W09X,Benjamin Winter Lopez,Benjamin Winter Lopez,844,24,https://www.atptour.com/en/rankings/singles?dateWeek=2025-06-16&rankRange=0-5000,2026-03-22T00:41:33Z
atp,2025-06-16,D0IP,Gustavo Ribeiro De Almeida,Gustavo Ribeiro De Almeida,845,24,https://www.atptour.com/en/rankings/singles?dateWeek=2025-06-16&rankRange=0-5000,2026-03-22T00:41:33Z
atp,2025-06-16,D0HI,Chirag Duhan,Chirag Duhan,846,24,https://www.atptour.com/en/rankings/singles?dateWeek=2025-06-16&rankRange=0-5000,2026-03-22T00:41:33Z
atp,2025-06-16,TD49,Mert Naci Turker,Mert Naci Turker,847,24,https://www.atptour.com/en/rankings/singles?dateWeek=2025-06-16&rankRange=0-5000,2026-03-22T00:41:33Z
atp,2025-06-16,B0P4,Tomasz Berkieta,Tomasz Berkieta,848,24,https://www.atptour.com/en/rankings/singles?dateWeek=2025-06-16&rankRange=0-5000,2026-03-22T00:41:33Z
atp,2025-06-16,F0CK,Andrew Fenty,Andrew Fenty,849,24,https://www.atptour.com/en/rankings/singles?dateWeek=2025-06-16&rankRange=0-5000,2026-03-22T00:41:33Z
atp,2025-06-16,A0JW,Joaquin Aguilar Cardozo,Joaquin Aguilar Cardozo,850,24,https://www.atptour.com/en/rankings/singles?dateWeek=2025-06-16&rankRange=0-5000,2026-03-22T00:41:33Z
atp,2025-06-16,J0DL,Nicolas Jadoun,Nicolas Jadoun,851,24,https://www.atptour.com/en/rankings/singles?dateWeek=2025-06-16&rankRange=0-5000,2026-03-22T00:41:33Z
atp,2025-06-16,BU53,Constantin Bittoun Kouzmine,Constantin Bittoun Kouzmine,852,24,https://www.atptour.com/en/rankings/singles?dateWeek=2025-06-16&rankRange=0-5000,2026-03-22T00:41:33Z
atp,2025-06-16,B0I0,Alexander Bernard,Alexander Bernard,853,23,https://www.atptour.com/en/rankings/singles?dateWeek=2025-06-16&rankRange=0-5000,2026-03-22T00:41:33Z
atp,2025-06-16,I305,Ilya Ivashka,Ilya Ivashka,854,23,https://www.atptour.com/en/rankings/singles?dateWeek=2025-06-16&rankRange=0-5000,2026-03-22T00:41:33Z
atp,2025-06-16,A0IH,Jack Anthrop,Jack Anthrop,855,23,https://www.atptour.com/en/rankings/singles?dateWeek=2025-06-16&rankRange=0-5000,2026-03-22T00:41:33Z
atp,2025-06-16,V0J1,Jacopo Vasami,Jacopo Vasami,856,23,https://www.atptour.com/en/rankings/singles?dateWeek=2025-06-16&rankRange=0-5000,2026-03-22T00:41:33Z
atp,2025-06-16,H0JL,Jay Friend,Jay Friend,857,23,https://www.atptour.com/en/rankings/singles?dateWeek=2025-06-16&rankRange=0-5000,2026-03-22T00:41:33Z
atp,2025-06-16,LB78,Jea Moon Lee,Jea Moon Lee,858,23,https://www.atptour.com/en/rankings/singles?dateWeek=2025-06-16&rankRange=0-5000,2026-03-22T00:41:33Z
atp,2025-06-16,A0IY,Luis Carlos Alvarez,Luis Carlos Alvarez,859,23,https://www.atptour.com/en/rankings/singles?dateWeek=2025-06-16&rankRange=0-5000,2026-03-22T00:41:33Z
atp,2025-06-16,O674,Yshai Oliel,Yshai Oliel,860,23,https://www.atptour.com/en/rankings/singles?dateWeek=2025-06-16&rankRange=0-5000,2026-03-22T00:41:33Z
atp,2025-06-16,AD23,Oliver Anderson,Oliver Anderson,861,23,https://www.atptour.com/en/rankings/singles?dateWeek=2025-06-16&rankRange=0-5000,2026-03-22T00:41:33Z
atp,2025-06-16,B0NV,Patrick Brady,Patrick Brady,862,23,https://www.atptour.com/en/rankings/singles?dateWeek=2025-06-16&rankRange=0-5000,2026-03-22T00:41:33Z
atp,2025-06-16,P0MN,Albert Pedrico Kravtsov,Albert Pedrico Kravtsov,863,23,https://www.atptour.com/en/rankings/singles?dateWeek=2025-06-16&rankRange=0-5000,2026-03-22T00:41:33Z
atp,2025-06-16,P0ME,Luca Preda,Luca Preda,864,23,https://www.atptour.com/en/rankings/singles?dateWeek=2025-06-16&rankRange=0-5000,2026-03-22T00:41:33Z
atp,2025-06-16,D0DK,Santiago De La Fuente,Santiago De La Fuente,865,23,https://www.atptour.com/en/rankings/singles?dateWeek=2025-06-16&rankRange=0-5000,2026-03-22T00:41:33Z
atp,2025-06-16,P0G0,Evgeny Philippov,Evgeny Philippov,866,23,https://www.atptour.com/en/rankings/singles?dateWeek=2025-06-16&rankRange=0-5000,2026-03-22T00:41:33Z
atp,2025-06-16,G0ME,Gabriel Ghetu,Gabriel Ghetu,867,23,https://www.atptour.com/en/rankings/singles?dateWeek=2025-06-16&rankRange=0-5000,2026-03-22T00:41:33Z
atp,2025-06-16,B0HD,Nikola Basic,Nikola Basic,868,23,https://www.atptour.com/en/rankings/singles?dateWeek=2025-06-16&rankRange=0-5000,2026-03-22T00:41:33Z
atp,2025-06-16,MW62,Nikita Mashtakov,Nikita Mashtakov,869,23,https://www.atptour.com/en/rankings/singles?dateWeek=2025-06-16&rankRange=0-5000,2026-03-22T00:41:33Z
atp,2025-06-16,S0SD,Jasza Szajrych,Jasza Szajrych,870,23,https://www.atptour.com/en/rankings/singles?dateWeek=2025-06-16&rankRange=0-5000,2026-03-22T00:41:33Z
atp,2025-06-16,C0GK,Thiago Cigarran,Thiago Cigarran,871,23,https://www.atptour.com/en/rankings/singles?dateWeek=2025-06-16&rankRange=0-5000,2026-03-22T00:41:33Z
atp,2025-06-16,M0K2,Pietro Marino,Pietro Marino,872,23,https://www.atptour.com/en/rankings/singles?dateWeek=2025-06-16&rankRange=0-5000,2026-03-22T00:41:33Z
atp,2025-06-16,G0MH,Benjamin Thomas George,Benjamin Thomas George,873,23,https://www.atptour.com/en/rankings/singles?dateWeek=2025-06-16&rankRange=0-5000,2026-03-22T00:41:33Z
atp,2025-06-16,PH67,Nathan Ponwith,Nathan Ponwith,874,23,https://www.atptour.com/en/rankings/singles?dateWeek=2025-06-16&rankRange=0-5000,2026-03-22T00:41:33Z
atp,2025-06-16,B0LV,Michael Bassem Sobhy,Michael Bassem Sobhy,875,23,https://www.atptour.com/en/rankings/singles?dateWeek=2025-06-16&rankRange=0-5000,2026-03-22T00:41:33Z
atp,2025-06-16,C0P0,Sergio Callejon Hernando,Sergio Callejon Hernando,876,23,https://www.atptour.com/en/rankings/singles?dateWeek=2025-06-16&rankRange=0-5000,2026-03-22T00:41:33Z
atp,2025-06-16,V0G2,Amit Vales,Amit Vales,877,23,https://www.atptour.com/en/rankings/singles?dateWeek=2025-06-16&rankRange=0-5000,2026-03-22T00:41:33Z
atp,2025-06-16,F0C4,Diego Fernandez Flores,Diego Fernandez Flores,878,23,https://www.atptour.com/en/rankings/singles?dateWeek=2025-06-16&rankRange=0-5000,2026-03-22T00:41:33Z
atp,2025-06-16,M0HO,Mihai Razvan Marinescu,Mihai Razvan Marinescu,879,23,https://www.atptour.com/en/rankings/singles?dateWeek=2025-06-16&rankRange=0-5000,2026-03-22T00:41:33Z
atp,2025-06-16,S0DE,Dhakshineswar Suresh,Dhakshineswar Suresh,880,22,https://www.atptour.com/en/rankings/singles?dateWeek=2025-06-16&rankRange=0-5000,2026-03-22T00:41:33Z
atp,2025-06-16,PI95,David Pichler,David Pichler,881,22,https://www.atptour.com/en/rankings/singles?dateWeek=2025-06-16&rankRange=0-5000,2026-03-22T00:41:33Z
atp,2025-06-16,H0GK,Maximilian Homberg,Maximilian Homberg,882,22,https://www.atptour.com/en/rankings/singles?dateWeek=2025-06-16&rankRange=0-5000,2026-03-22T00:41:33Z
atp,2025-06-16,F965,Sora Fukuda,Sora Fukuda,883,22,https://www.atptour.com/en/rankings/singles?dateWeek=2025-06-16&rankRange=0-5000,2026-03-22T00:41:33Z
atp,2025-06-16,S0Z6,Alexander Stater,Alexander Stater,884,22,https://www.atptour.com/en/rankings/singles?dateWeek=2025-06-16&rankRange=0-5000,2026-03-22T00:41:33Z
atp,2025-06-16,P0KA,Semen Pankin,Semen Pankin,885,22,https://www.atptour.com/en/rankings/singles?dateWeek=2025-06-16&rankRange=0-5000,2026-03-22T00:41:33Z
atp,2025-06-16,K0HT,Elgin Khoeblal,Elgin Khoeblal,886,22,https://www.atptour.com/en/rankings/singles?dateWeek=2025-06-16&rankRange=0-5000,2026-03-22T00:41:33Z
atp,2025-06-16,S0UM,Josip Simundza,Josip Simundza,887,22,https://www.atptour.com/en/rankings/singles?dateWeek=2025-06-16&rankRange=0-5000,2026-03-22T00:41:33Z
atp,2025-06-16,A887,Guido Andreozzi,Guido Andreozzi,888,21,https://www.atptour.com/en/rankings/singles?dateWeek=2025-06-16&rankRange=0-5000,2026-03-22T00:41:33Z
atp,2025-06-16,RD48,Igor Marcondes,Igor Marcondes,889,21,https://www.atptour.com/en/rankings/singles?dateWeek=2025-06-16&rankRange=0-5000,2026-03-22T00:41:33Z
atp,2025-06-16,BP41,Antoine Bellier,Antoine Bellier,890,21,https://www.atptour.com/en/rankings/singles?dateWeek=2025-06-16&rankRange=0-5000,2026-03-22T00:41:33Z
atp,2025-06-16,RA51,Blaz Rola,Blaz Rola,891,21,https://www.atptour.com/en/rankings/singles?dateWeek=2025-06-16&rankRange=0-5000,2026-03-22T00:41:33Z
atp,2025-06-16,LD22,Nam Hoang Ly,Nam Hoang Ly,892,21,https://www.atptour.com/en/rankings/singles?dateWeek=2025-06-16&rankRange=0-5000,2026-03-22T00:41:33Z
atp,2025-06-16,N561,Ivan Nedelko,Ivan Nedelko,893,21,https://www.atptour.com/en/rankings/singles?dateWeek=2025-06-16&rankRange=0-5000,2026-03-22T00:41:33Z
atp,2025-06-16,G0I2,Adrien Gobat,Adrien Gobat,894,21,https://www.atptour.com/en/rankings/singles?dateWeek=2025-06-16&rankRange=0-5000,2026-03-22T00:41:33Z
atp,2025-06-16,O527,Chanyeong Oh,Chanyeong Oh,895,21,https://www.atptour.com/en/rankings/singles?dateWeek=2025-06-16&rankRange=0-5000,2026-03-22T00:41:33Z
atp,2025-06-16,S0BG,Daisuke Sumizawa,Daisuke Sumizawa,896,21,https://www.atptour.com/en/rankings/singles?dateWeek=2025-06-16&rankRange=0-5000,2026-03-22T00:41:33Z
atp,2025-06-16,K0EM,Matt Kuhar,Matt Kuhar,897,21,https://www.atptour.com/en/rankings/singles?dateWeek=2025-06-16&rankRange=0-5000,2026-03-22T00:41:33Z
atp,2025-06-16,L0CS,Pengyu Lu,Pengyu Lu,898,21,https://www.atptour.com/en/rankings/singles?dateWeek=2025-06-16&rankRange=0-5000,2026-03-22T00:41:33Z
atp,2025-06-16,D0CU,Daniel De Jonge,Daniel De Jonge,899,21,https://www.atptour.com/en/rankings/singles?dateWeek=2025-06-16&rankRange=0-5000,2026-03-22T00:41:33Z
atp,2025-06-16,KB05,Filip Krajinovic,Filip Krajinovic,900,20,https://www.atptour.com/en/rankings/singles?dateWeek=2025-06-16&rankRange=0-5000,2026-03-22T00:41:33Z
atp,2025-06-16,GB41,Juan Sebastian Gomez,Juan Sebastian Gomez,901,20,https://www.atptour.com/en/rankings/singles?dateWeek=2025-06-16&rankRange=0-5000,2026-03-22T00:41:33Z
atp,2025-06-16,G0OF,Georgi Georgiev,Georgi Georgiev,902,20,https://www.atptour.com/en/rankings/singles?dateWeek=2025-06-16&rankRange=0-5000,2026-03-22T00:41:33Z
atp,2025-06-16,HA33,Peter Heller,Peter Heller,903,20,https://www.atptour.com/en/rankings/singles?dateWeek=2025-06-16&rankRange=0-5000,2026-03-22T00:41:33Z
atp,2025-06-16,T0BD,Nicolas Tepmahc,Nicolas Tepmahc,904,20,https://www.atptour.com/en/rankings/singles?dateWeek=2025-06-16&rankRange=0-5000,2026-03-22T00:41:33Z
atp,2025-06-16,L09D,Aliaksandr Liaonenka,Aliaksandr Liaonenka,905,20,https://www.atptour.com/en/rankings/singles?dateWeek=2025-06-16&rankRange=0-5000,2026-03-22T00:41:33Z
atp,2025-06-16,F0C0,Chase Ferguson,Chase Ferguson,906,20,https://www.atptour.com/en/rankings/singles?dateWeek=2025-06-16&rankRange=0-5000,2026-03-22T00:41:33Z
atp,2025-06-16,N0EG,Arthur Nagel,Arthur Nagel,907,20,https://www.atptour.com/en/rankings/singles?dateWeek=2025-06-16&rankRange=0-5000,2026-03-22T00:41:33Z
atp,2025-06-16,M0R4,Juan Cruz Martin Manzano,Juan Cruz Martin Manzano,908,20,https://www.atptour.com/en/rankings/singles?dateWeek=2025-06-16&rankRange=0-5000,2026-03-22T00:41:33Z
atp,2025-06-16,K0FW,Jan Kupcic,Jan Kupcic,909,20,https://www.atptour.com/en/rankings/singles?dateWeek=2025-06-16&rankRange=0-5000,2026-03-22T00:41:33Z
atp,2025-06-16,TG67,Kristjan Tamm,Kristjan Tamm,910,20,https://www.atptour.com/en/rankings/singles?dateWeek=2025-06-16&rankRange=0-5000,2026-03-22T00:41:33Z
atp,2025-06-16,R0IB,Maxence Rivet,Maxence Rivet,911,20,https://www.atptour.com/en/rankings/singles?dateWeek=2025-06-16&rankRange=0-5000,2026-03-22T00:41:33Z
atp,2025-06-16,N724,Gabriele Maria Noce,Gabriele Maria Noce,912,20,https://www.atptour.com/en/rankings/singles?dateWeek=2025-06-16&rankRange=0-5000,2026-03-22T00:41:33Z
atp,2025-06-16,B0M3,Pierre Yves Bailly,Pierre Yves Bailly,913,19,https://www.atptour.com/en/rankings/singles?dateWeek=2025-06-16&rankRange=0-5000,2026-03-22T00:41:33Z
atp,2025-06-16,S0TM,Toby Samuel,Toby Samuel,914,19,https://www.atptour.com/en/rankings/singles?dateWeek=2025-06-16&rankRange=0-5000,2026-03-22T00:41:33Z
atp,2025-06-16,O0E7,Amir Omarkhanov,Amir Omarkhanov,915,19,https://www.atptour.com/en/rankings/singles?dateWeek=2025-06-16&rankRange=0-5000,2026-03-22T00:41:33Z
atp,2025-06-16,M0HD,Alan Magadan,Alan Magadan,916,19,https://www.atptour.com/en/rankings/singles?dateWeek=2025-06-16&rankRange=0-5000,2026-03-22T00:41:33Z
atp,2025-06-16,B0JN,Thomas Braithwaite,Thomas Braithwaite,917,19,https://www.atptour.com/en/rankings/singles?dateWeek=2025-06-16&rankRange=0-5000,2026-03-22T00:41:33Z
atp,2025-06-16,P0CD,Daniel Paty,Daniel Paty,920,19,https://www.atptour.com/en/rankings/singles?dateWeek=2025-06-16&rankRange=0-5000,2026-03-22T00:41:33Z
atp,2025-06-16,K0AB,Adil Kalyanpur,Adil Kalyanpur,921,19,https://www.atptour.com/en/rankings/singles?dateWeek=2025-06-16&rankRange=0-5000,2026-03-22T00:41:33Z
atp,2025-06-16,P0KS,Lasse Poertner,Lasse Poertner,922,19,https://www.atptour.com/en/rankings/singles?dateWeek=2025-06-16&rankRange=0-5000,2026-03-22T00:41:33Z
atp,2025-06-16,O560,Juan Sebastian Osorio,Juan Sebastian Osorio,923,19,https://www.atptour.com/en/rankings/singles?dateWeek=2025-06-16&rankRange=0-5000,2026-03-22T00:41:33Z
atp,2025-06-16,K0HU,Artur Kukasian,Artur Kukasian,924,19,https://www.atptour.com/en/rankings/singles?dateWeek=2025-06-16&rankRange=0-5000,2026-03-22T00:41:33Z
atp,2025-06-16,C0KO,Niccolò Ciavarella,Niccolò Ciavarella,925,19,https://www.atptour.com/en/rankings/singles?dateWeek=2025-06-16&rankRange=0-5000,2026-03-22T00:41:33Z
atp,2025-06-16,A0IE,Seydina Andre,Seydina Andre,926,19,https://www.atptour.com/en/rankings/singles?dateWeek=2025-06-16&rankRange=0-5000,2026-03-22T00:41:33Z
atp,2025-06-16,L0DB,Giuseppe La Vela,Giuseppe La Vela,927,19,https://www.atptour.com/en/rankings/singles?dateWeek=2025-06-16&rankRange=0-5000,2026-03-22T00:41:33Z
atp,2025-06-16,S0S9,Dimitris Sakellaridis,Dimitris Sakellaridis,928,19,https://www.atptour.com/en/rankings/singles?dateWeek=2025-06-16&rankRange=0-5000,2026-03-22T00:41:33Z
atp,2025-06-16,S0R2,Benito Sanchez Martinez,Benito Sanchez Martinez,929,18,https://www.atptour.com/en/rankings/singles?dateWeek=2025-06-16&rankRange=0-5000,2026-03-22T00:41:33Z
atp,2025-06-16,B0PW,Kaylan Bigun,Kaylan Bigun,930,18,https://www.atptour.com/en/rankings/singles?dateWeek=2025-06-16&rankRange=0-5000,2026-03-22T00:41:33Z
atp,2025-06-16,FA50,Thomas Fancutt,Thomas Fancutt,931,18,https://www.atptour.com/en/rankings/singles?dateWeek=2025-06-16&rankRange=0-5000,2026-03-22T00:41:33Z
atp,2025-06-16,B0VF,Oliver Bonding,Oliver Bonding,932,18,https://www.atptour.com/en/rankings/singles?dateWeek=2025-06-16&rankRange=0-5000,2026-03-22T00:41:33Z
atp,2025-06-16,C0JR,Ioan Alexandru Chirita,Ioan Alexandru Chirita,933,18,https://www.atptour.com/en/rankings/singles?dateWeek=2025-06-16&rankRange=0-5000,2026-03-22T00:41:33Z
atp,2025-06-16,C0PX,Matteo Covato,Matteo Covato,936,18,https://www.atptour.com/en/rankings/singles?dateWeek=2025-06-16&rankRange=0-5000,2026-03-22T00:41:33Z
atp,2025-06-16,M0WZ,Lucas Marionneau,Lucas Marionneau,937,18,https://www.atptour.com/en/rankings/singles?dateWeek=2025-06-16&rankRange=0-5000,2026-03-22T00:41:33Z
atp,2025-06-16,LE01,Duckhee Lee,Duckhee Lee,938,18,https://www.atptour.com/en/rankings/singles?dateWeek=2025-06-16&rankRange=0-5000,2026-03-22T00:41:33Z
atp,2025-06-16,B0QL,Brian Bozemoj,Brian Bozemoj,939,18,https://www.atptour.com/en/rankings/singles?dateWeek=2025-06-16&rankRange=0-5000,2026-03-22T00:41:33Z
atp,2025-06-16,T0A0,Sheng Tang,Sheng Tang,940,18,https://www.atptour.com/en/rankings/singles?dateWeek=2025-06-16&rankRange=0-5000,2026-03-22T00:41:33Z
atp,2025-06-16,M0B9,Diogo Marques,Diogo Marques,941,18,https://www.atptour.com/en/rankings/singles?dateWeek=2025-06-16&rankRange=0-5000,2026-03-22T00:41:33Z
atp,2025-06-16,A0EU,Alexandre Aubriot,Alexandre Aubriot,942,18,https://www.atptour.com/en/rankings/singles?dateWeek=2025-06-16&rankRange=0-5000,2026-03-22T00:41:33Z
atp,2025-06-16,J0CS,Petar Jovanovic,Petar Jovanovic,943,17,https://www.atptour.com/en/rankings/singles?dateWeek=2025-06-16&rankRange=0-5000,2026-03-22T00:41:33Z
atp,2025-06-16,GB53,Federico Gaio,Federico Gaio,944,17,https://www.atptour.com/en/rankings/singles?dateWeek=2025-06-16&rankRange=0-5000,2026-03-22T00:41:33Z
atp,2025-06-16,RA43,Maciej Rajski,Maciej Rajski,945,17,https://www.atptour.com/en/rankings/singles?dateWeek=2025-06-16&rankRange=0-5000,2026-03-22T00:41:33Z
atp,2025-06-16,J0BQ,Kristijan Juhas,Kristijan Juhas,946,17,https://www.atptour.com/en/rankings/singles?dateWeek=2025-06-16&rankRange=0-5000,2026-03-22T00:41:33Z
atp,2025-06-16,E0CI,Sebastian Eriksson,Sebastian Eriksson,947,17,https://www.atptour.com/en/rankings/singles?dateWeek=2025-06-16&rankRange=0-5000,2026-03-22T00:41:33Z
atp,2025-06-16,S0JH,Filippo Speziali,Filippo Speziali,948,17,https://www.atptour.com/en/rankings/singles?dateWeek=2025-06-16&rankRange=0-5000,2026-03-22T00:41:33Z
atp,2025-06-16,L0C6,Stefan Latinovic,Stefan Latinovic,949,17,https://www.atptour.com/en/rankings/singles?dateWeek=2025-06-16&rankRange=0-5000,2026-03-22T00:41:33Z
atp,2025-06-16,AC84,Collin Altamirano,Collin Altamirano,950,17,https://www.atptour.com/en/rankings/singles?dateWeek=2025-06-16&rankRange=0-5000,2026-03-22T00:41:33Z
atp,2025-06-16,E0AB,Ishaque Eqbal,Ishaque Eqbal,951,17,https://www.atptour.com/en/rankings/singles?dateWeek=2025-06-16&rankRange=0-5000,2026-03-22T00:41:33Z
atp,2025-06-16,S0TB,Elijah Strode,Elijah Strode,952,17,https://www.atptour.com/en/rankings/singles?dateWeek=2025-06-16&rankRange=0-5000,2026-03-22T00:41:33Z
atp,2025-06-16,Z0C7,Yaojie Zeng,Yaojie Zeng,953,17,https://www.atptour.com/en/rankings/singles?dateWeek=2025-06-16&rankRange=0-5000,2026-03-22T00:41:33Z
atp,2025-06-16,R0AY,Gregor Ramskogler,Gregor Ramskogler,954,17,https://www.atptour.com/en/rankings/singles?dateWeek=2025-06-16&rankRange=0-5000,2026-03-22T00:41:33Z
atp,2025-06-16,C09Y,Joshua Charlton,Joshua Charlton,955,17,https://www.atptour.com/en/rankings/singles?dateWeek=2025-06-16&rankRange=0-5000,2026-03-22T00:41:33Z
atp,2025-06-16,B0PD,Peter Buldorini,Peter Buldorini,956,17,https://www.atptour.com/en/rankings/singles?dateWeek=2025-06-16&rankRange=0-5000,2026-03-22T00:41:33Z
atp,2025-06-16,H0CE,Philip Hjorth,Philip Hjorth,957,17,https://www.atptour.com/en/rankings/singles?dateWeek=2025-06-16&rankRange=0-5000,2026-03-22T00:41:33Z
atp,2025-06-16,U174,Kaito Uesugi,Kaito Uesugi,958,16,https://www.atptour.com/en/rankings/singles?dateWeek=2025-06-16&rankRange=0-5000,2026-03-22T00:41:33Z
atp,2025-06-16,H0E9,Eric Hadigian,Eric Hadigian,959,16,https://www.atptour.com/en/rankings/singles?dateWeek=2025-06-16&rankRange=0-5000,2026-03-22T00:41:33Z
atp,2025-06-16,W0DP,Jaden Weekes,Jaden Weekes,960,16,https://www.atptour.com/en/rankings/singles?dateWeek=2025-06-16&rankRange=0-5000,2026-03-22T00:41:33Z
atp,2025-06-16,I0AP,Kalin Ivanovski,Kalin Ivanovski,961,16,https://www.atptour.com/en/rankings/singles?dateWeek=2025-06-16&rankRange=0-5000,2026-03-22T00:41:33Z
atp,2025-06-16,Y235,Jumpei Yamasaki,Jumpei Yamasaki,962,16,https://www.atptour.com/en/rankings/singles?dateWeek=2025-06-16&rankRange=0-5000,2026-03-22T00:41:33Z
atp,2025-06-16,B0C3,Simon Beaupain,Simon Beaupain,963,16,https://www.atptour.com/en/rankings/singles?dateWeek=2025-06-16&rankRange=0-5000,2026-03-22T00:41:33Z
atp,2025-06-16,SP80,Nino Serdarusic,Nino Serdarusic,964,16,https://www.atptour.com/en/rankings/singles?dateWeek=2025-06-16&rankRange=0-5000,2026-03-22T00:41:33Z
atp,2025-06-16,T0GK,Ruslan Tiukaev,Ruslan Tiukaev,965,16,https://www.atptour.com/en/rankings/singles?dateWeek=2025-06-16&rankRange=0-5000,2026-03-22T00:41:33Z
atp,2025-06-16,F0C2,Andrea Fiorentini,Andrea Fiorentini,966,16,https://www.atptour.com/en/rankings/singles?dateWeek=2025-06-16&rankRange=0-5000,2026-03-22T00:41:33Z
atp,2025-06-16,C0LM,Charlie Camus,Charlie Camus,967,16,https://www.atptour.com/en/rankings/singles?dateWeek=2025-06-16&rankRange=0-5000,2026-03-22T00:41:33Z
atp,2025-06-16,P0JK,Noah Perfetti,Noah Perfetti,968,16,https://www.atptour.com/en/rankings/singles?dateWeek=2025-06-16&rankRange=0-5000,2026-03-22T00:41:33Z
atp,2025-06-16,Z350,Michael Zhu,Michael Zhu,969,16,https://www.atptour.com/en/rankings/singles?dateWeek=2025-06-16&rankRange=0-5000,2026-03-22T00:41:33Z
atp,2025-06-16,X01D,Kuang Qing Xu,Kuang Qing Xu,970,15,https://www.atptour.com/en/rankings/singles?dateWeek=2025-06-16&rankRange=0-5000,2026-03-22T00:41:33Z
atp,2025-06-16,S0WX,Patrick Schoen,Patrick Schoen,971,15,https://www.atptour.com/en/rankings/singles?dateWeek=2025-06-16&rankRange=0-5000,2026-03-22T00:41:33Z
atp,2025-06-16,G0D4,Lorenzo Gagliardo,Lorenzo Gagliardo,972,15,https://www.atptour.com/en/rankings/singles?dateWeek=2025-06-16&rankRange=0-5000,2026-03-22T00:41:33Z
atp,2025-06-16,AB54,Harrison Adams,Harrison Adams,973,15,https://www.atptour.com/en/rankings/singles?dateWeek=2025-06-16&rankRange=0-5000,2026-03-22T00:41:33Z
atp,2025-06-16,KI74,Nicola Kuhn,Nicola Kuhn,974,15,https://www.atptour.com/en/rankings/singles?dateWeek=2025-06-16&rankRange=0-5000,2026-03-22T00:41:33Z
atp,2025-06-16,L0IP,Jack Loutit,Jack Loutit,975,15,https://www.atptour.com/en/rankings/singles?dateWeek=2025-06-16&rankRange=0-5000,2026-03-22T00:41:33Z
atp,2025-06-16,CH90,Yun seong Chung,Yun Seong Chung,976,15,https://www.atptour.com/en/rankings/singles?dateWeek=2025-06-16&rankRange=0-5000,2026-03-22T00:41:33Z
atp,2025-06-16,P0N6,Oskari Paldanius,Oskari Paldanius,977,15,https://www.atptour.com/en/rankings/singles?dateWeek=2025-06-16&rankRange=0-5000,2026-03-22T00:41:33Z
atp,2025-06-16,D0I0,Sebastian Dominko,Sebastian Dominko,978,15,https://www.atptour.com/en/rankings/singles?dateWeek=2025-06-16&rankRange=0-5000,2026-03-22T00:41:33Z
atp,2025-06-16,D0KU,Mariano Dedura-Palomero,Mariano Dedura Palomero,979,15,https://www.atptour.com/en/rankings/singles?dateWeek=2025-06-16&rankRange=0-5000,2026-03-22T00:41:33Z
atp,2025-06-16,P0KJ,Derek Pham,Derek Pham,980,15,https://www.atptour.com/en/rankings/singles?dateWeek=2025-06-16&rankRange=0-5000,2026-03-22T00:41:33Z
atp,2025-06-16,S0RL,Aristarkh Safonov,Aristarkh Safonov,981,15,https://www.atptour.com/en/rankings/singles?dateWeek=2025-06-16&rankRange=0-5000,2026-03-22T00:41:33Z
atp,2025-06-16,G0I4,Mikhail Gorokhov,Mikhail Gorokhov,982,15,https://www.atptour.com/en/rankings/singles?dateWeek=2025-06-16&rankRange=0-5000,2026-03-22T00:41:33Z
atp,2025-06-16,B0G9,Alberto Bronzetti,Alberto Bronzetti,983,15,https://www.atptour.com/en/rankings/singles?dateWeek=2025-06-16&rankRange=0-5000,2026-03-22T00:41:33Z
atp,2025-06-16,H0GW,Michel Hopp,Michel Hopp,984,15,https://www.atptour.com/en/rankings/singles?dateWeek=2025-06-16&rankRange=0-5000,2026-03-22T00:41:33Z
atp,2025-06-16,F0BJ,Adan Freire Da Silva,Adan Freire Da Silva,985,15,https://www.atptour.com/en/rankings/singles?dateWeek=2025-06-16&rankRange=0-5000,2026-03-22T00:41:33Z
atp,2025-06-16,B0MP,Attila Boros,Attila Boros,986,15,https://www.atptour.com/en/rankings/singles?dateWeek=2025-06-16&rankRange=0-5000,2026-03-22T00:41:33Z
atp,2025-06-16,PH77,David Poljak,David Poljak,987,15,https://www.atptour.com/en/rankings/singles?dateWeek=2025-06-16&rankRange=0-5000,2026-03-22T00:41:33Z
atp,2025-06-16,M0NO,Marko Maksimovic,Marko Maksimovic,988,15,https://www.atptour.com/en/rankings/singles?dateWeek=2025-06-16&rankRange=0-5000,2026-03-22T00:41:33Z
atp,2025-06-16,L0GJ,Mika Lipp,Mika Lipp,989,15,https://www.atptour.com/en/rankings/singles?dateWeek=2025-06-16&rankRange=0-5000,2026-03-22T00:41:33Z
atp,2025-06-16,G0LG,Yanis Ghazouani Durand,Yanis Ghazouani Durand,990,15,https://www.atptour.com/en/rankings/singles?dateWeek=2025-06-16&rankRange=0-5000,2026-03-22T00:41:33Z
atp,2025-06-16,P0D4,Brandon Perez,Brandon Perez,991,15,https://www.atptour.com/en/rankings/singles?dateWeek=2025-06-16&rankRange=0-5000,2026-03-22T00:41:33Z
atp,2025-06-16,W0AJ,Seita Watanabe,Seita Watanabe,992,14,https://www.atptour.com/en/rankings/singles?dateWeek=2025-06-16&rankRange=0-5000,2026-03-22T00:41:33Z
atp,2025-06-16,D0HX,Dylan Dietrich,Dylan Dietrich,993,14,https://www.atptour.com/en/rankings/singles?dateWeek=2025-06-16&rankRange=0-5000,2026-03-22T00:41:33Z
atp,2025-06-16,T0IL,Kriish Tyagi,Kriish Tyagi,994,14,https://www.atptour.com/en/rankings/singles?dateWeek=2025-06-16&rankRange=0-5000,2026-03-22T00:41:33Z
atp,2025-06-16,B0TK,Pepijn Bastiaansen,Pepijn Bastiaansen,995,14,https://www.atptour.com/en/rankings/singles?dateWeek=2025-06-16&rankRange=0-5000,2026-03-22T00:41:33Z
atp,2025-06-16,TG77,Petros Tsitsipas,Petros Tsitsipas,996,14,https://www.atptour.com/en/rankings/singles?dateWeek=2025-06-16&rankRange=0-5000,2026-03-22T00:41:33Z
atp,2025-06-16,P0BE,Sidane Pontjodikromo,Sidane Pontjodikromo,997,14,https://www.atptour.com/en/rankings/singles?dateWeek=2025-06-16&rankRange=0-5000,2026-03-22T00:41:33Z
atp,2025-06-16,K0JH,Jan Kumstat,Jan Kumstat,998,14,https://www.atptour.com/en/rankings/singles?dateWeek=2025-06-16&rankRange=0-5000,2026-03-22T00:41:33Z
atp,2025-06-16,H0DQ,Carles Hernandez,Carles Hernandez,999,14,https://www.atptour.com/en/rankings/singles?dateWeek=2025-06-16&rankRange=0-5000,2026-03-22T00:41:33Z
atp,2025-06-16,SY74,Manish Sureshkumar,Manish Sureshkumar,1000,14,https://www.atptour.com/en/rankings/singles?dateWeek=2025-06-16&rankRange=0-5000,2026-03-22T00:41:33Z
atp,2025-06-16,P0IM,Aleksa Pisaric,Aleksa Pisaric,1001,14,https://www.atptour.com/en/rankings/singles?dateWeek=2025-06-16&rankRange=0-5000,2026-03-22T00:41:33Z
atp,2025-06-16,DH35,Matteo De Vincentis,Matteo De Vincentis,1002,14,https://www.atptour.com/en/rankings/singles?dateWeek=2025-06-16&rankRange=0-5000,2026-03-22T00:41:33Z
atp,2025-06-16,VA48,Siddharth Vishwakarma,Siddharth Vishwakarma,1003,14,https://www.atptour.com/en/rankings/singles?dateWeek=2025-06-16&rankRange=0-5000,2026-03-22T00:41:33Z
atp,2025-06-16,T0HS,Pablo Trochu,Pablo Trochu,1004,14,https://www.atptour.com/en/rankings/singles?dateWeek=2025-06-16&rankRange=0-5000,2026-03-22T00:41:33Z
atp,2025-06-16,M0SB,Koki Matsuda,Koki Matsuda,1005,14,https://www.atptour.com/en/rankings/singles?dateWeek=2025-06-16&rankRange=0-5000,2026-03-22T00:41:33Z
atp,2025-06-16,F0HO,Thomas Faurel,Thomas Faurel,1006,14,https://www.atptour.com/en/rankings/singles?dateWeek=2025-06-16&rankRange=0-5000,2026-03-22T00:41:33Z
atp,2025-06-16,S0E4,Justin Schlageter,Justin Schlageter,1007,14,https://www.atptour.com/en/rankings/singles?dateWeek=2025-06-16&rankRange=0-5000,2026-03-22T00:41:33Z
atp,2025-06-16,EA31,Melios Efstathiou,Melios Efstathiou,1008,14,https://www.atptour.com/en/rankings/singles?dateWeek=2025-06-16&rankRange=0-5000,2026-03-22T00:41:33Z
atp,2025-06-16,BU78,Finn Bass,Finn Bass,1009,14,https://www.atptour.com/en/rankings/singles?dateWeek=2025-06-16&rankRange=0-5000,2026-03-22T00:41:33Z
atp,2025-06-16,M0IC,Giannicola Misasi,Giannicola Misasi,1010,14,https://www.atptour.com/en/rankings/singles?dateWeek=2025-06-16&rankRange=0-5000,2026-03-22T00:41:33Z
atp,2025-06-16,D0BE,Jesse Delaney,Jesse Delaney,1011,14,https://www.atptour.com/en/rankings/singles?dateWeek=2025-06-16&rankRange=0-5000,2026-03-22T00:41:33Z
atp,2025-06-16,B0G6,Preston Brown,Preston Brown,1012,14,https://www.atptour.com/en/rankings/singles?dateWeek=2025-06-16&rankRange=0-5000,2026-03-22T00:41:33Z
atp,2025-06-16,MM66,Nikola Milojevic,Nikola Milojevic,1013,13,https://www.atptour.com/en/rankings/singles?dateWeek=2025-06-16&rankRange=0-5000,2026-03-22T00:41:33Z
atp,2025-06-16,M0UR,Ognjen Milic,Ognjen Milic,1014,13,https://www.atptour.com/en/rankings/singles?dateWeek=2025-06-16&rankRange=0-5000,2026-03-22T00:41:33Z
atp,2025-06-16,W0AX,Oscar Weightman,Oscar Weightman,1017,13,https://www.atptour.com/en/rankings/singles?dateWeek=2025-06-16&rankRange=0-5000,2026-03-22T00:41:33Z
atp,2025-06-16,MM67,Ryotero Matsumura,Ryotero Matsumura,1018,13,https://www.atptour.com/en/rankings/singles?dateWeek=2025-06-16&rankRange=0-5000,2026-03-22T00:41:33Z
atp,2025-06-16,W0DD,Cooper Williams,Cooper Williams,1019,13,https://www.atptour.com/en/rankings/singles?dateWeek=2025-06-16&rankRange=0-5000,2026-03-22T00:41:33Z
atp,2025-06-16,BK12,Adrian Bodmer,Adrian Bodmer,1020,13,https://www.atptour.com/en/rankings/singles?dateWeek=2025-06-16&rankRange=0-5000,2026-03-22T00:41:33Z
atp,2025-06-16,B0PU,Reda Bennani,Reda Bennani,1021,13,https://www.atptour.com/en/rankings/singles?dateWeek=2025-06-16&rankRange=0-5000,2026-03-22T00:41:33Z
atp,2025-06-16,B0HY,Isaac Becroft,Isaac Becroft,1022,13,https://www.atptour.com/en/rankings/singles?dateWeek=2025-06-16&rankRange=0-5000,2026-03-22T00:41:33Z
atp,2025-06-16,J0CM,Viktor Jovic,Viktor Jovic,1023,13,https://www.atptour.com/en/rankings/singles?dateWeek=2025-06-16&rankRange=0-5000,2026-03-22T00:41:33Z
atp,2025-06-16,K0MX,Enzo Kohlmann De Freitas,Enzo Kohlmann De Freitas,1024,13,https://www.atptour.com/en/rankings/singles?dateWeek=2025-06-16&rankRange=0-5000,2026-03-22T00:41:33Z
atp,2025-06-16,V505,Vishnu Vardhan,Vishnu Vardhan,1025,13,https://www.atptour.com/en/rankings/singles?dateWeek=2025-06-16&rankRange=0-5000,2026-03-22T00:41:33Z
atp,2025-06-16,K0ES,Yusuke Kusuhara,Yusuke Kusuhara,1028,13,https://www.atptour.com/en/rankings/singles?dateWeek=2025-06-16&rankRange=0-5000,2026-03-22T00:41:33Z
atp,2025-06-16,S1AR,Simeon Stankovic,Simeon Stankovic,1029,13,https://www.atptour.com/en/rankings/singles?dateWeek=2025-06-16&rankRange=0-5000,2026-03-22T00:41:33Z
atp,2025-06-16,M0I5,Alen Mujakic,Alen Mujakic,1030,13,https://www.atptour.com/en/rankings/singles?dateWeek=2025-06-16&rankRange=0-5000,2026-03-22T00:41:33Z
atp,2025-06-16,M0D4,M Rifki Fitriadi,M Rifki Fitriadi,1031,13,https://www.atptour.com/en/rankings/singles?dateWeek=2025-06-16&rankRange=0-5000,2026-03-22T00:41:33Z
atp,2025-06-16,KH41,Patrick Kaukovalta,Patrick Kaukovalta,1032,13,https://www.atptour.com/en/rankings/singles?dateWeek=2025-06-16&rankRange=0-5000,2026-03-22T00:41:33Z
atp,2025-06-16,C0KN,Andrin Casanova,Andrin Casanova,1033,13,https://www.atptour.com/en/rankings/singles?dateWeek=2025-06-16&rankRange=0-5000,2026-03-22T00:41:33Z
atp,2025-06-16,BU64,Nicolas Bruna,Nicolas Bruna,1034,13,https://www.atptour.com/en/rankings/singles?dateWeek=2025-06-16&rankRange=0-5000,2026-03-22T00:41:33Z
atp,2025-06-16,M0ES,Oscar Moraing,Oscar Moraing,1035,13,https://www.atptour.com/en/rankings/singles?dateWeek=2025-06-16&rankRange=0-5000,2026-03-22T00:41:33Z
atp,2025-06-16,B0DJ,Illya Beloborodko,Illya Beloborodko,1036,13,https://www.atptour.com/en/rankings/singles?dateWeek=2025-06-16&rankRange=0-5000,2026-03-22T00:41:33Z
atp,2025-06-16,L0G4,Lorenzo Lorusso,Lorenzo Lorusso,1037,13,https://www.atptour.com/en/rankings/singles?dateWeek=2025-06-16&rankRange=0-5000,2026-03-22T00:41:33Z
atp,2025-06-16,D0C3,Zhenxiong Dong,Zhenxiong Dong,1040,13,https://www.atptour.com/en/rankings/singles?dateWeek=2025-06-16&rankRange=0-5000,2026-03-22T00:41:33Z
atp,2025-06-16,H0I7,Nico Hipfl,Nico Hipfl,1041,13,https://www.atptour.com/en/rankings/singles?dateWeek=2025-06-16&rankRange=0-5000,2026-03-22T00:41:33Z
atp,2025-06-16,R0KM,Daniele Rapagnetta,Daniele Rapagnetta,1042,13,https://www.atptour.com/en/rankings/singles?dateWeek=2025-06-16&rankRange=0-5000,2026-03-22T00:41:33Z
atp,2025-06-16,B0NF,Valentin Basel,Valentin Basel,1043,13,https://www.atptour.com/en/rankings/singles?dateWeek=2025-06-16&rankRange=0-5000,2026-03-22T00:41:33Z
atp,2025-06-16,M0IG,Ezequiel Monferrer,Ezequiel Monferrer,1044,13,https://www.atptour.com/en/rankings/singles?dateWeek=2025-06-16&rankRange=0-5000,2026-03-22T00:41:33Z
atp,2025-06-16,L733,Zhe Li,Zhe Li,1045,12,https://www.atptour.com/en/rankings/singles?dateWeek=2025-06-16&rankRange=0-5000,2026-03-22T00:41:33Z
atp,2025-06-16,VA70,Mate Valkusz,Mate Valkusz,1046,12,https://www.atptour.com/en/rankings/singles?dateWeek=2025-06-16&rankRange=0-5000,2026-03-22T00:41:33Z
atp,2025-06-16,B0C7,Justin Barki,Justin Barki,1047,12,https://www.atptour.com/en/rankings/singles?dateWeek=2025-06-16&rankRange=0-5000,2026-03-22T00:41:33Z
atp,2025-06-16,KD35,Thai-Son Kwiatkowski,Thai Son Kwiatkowski,1048,12,https://www.atptour.com/en/rankings/singles?dateWeek=2025-06-16&rankRange=0-5000,2026-03-22T00:41:33Z
atp,2025-06-16,C0JV,Lorenzo Claverie,Lorenzo Claverie,1049,12,https://www.atptour.com/en/rankings/singles?dateWeek=2025-06-16&rankRange=0-5000,2026-03-22T00:41:33Z
atp,2025-06-16,B0QQ,Karim Bennani,Karim Bennani,1050,12,https://www.atptour.com/en/rankings/singles?dateWeek=2025-06-16&rankRange=0-5000,2026-03-22T00:41:33Z
atp,2025-06-16,B0SW,Tymur Bieldiugin,Tymur Bieldiugin,1051,12,https://www.atptour.com/en/rankings/singles?dateWeek=2025-06-16&rankRange=0-5000,2026-03-22T00:41:33Z
atp,2025-06-16,P0K3,Roger Pascual Ferra,Roger Pascual Ferra,1052,12,https://www.atptour.com/en/rankings/singles?dateWeek=2025-06-16&rankRange=0-5000,2026-03-22T00:41:33Z
atp,2025-06-16,D0J9,Leo Deflandre,Leo Deflandre,1053,12,https://www.atptour.com/en/rankings/singles?dateWeek=2025-06-16&rankRange=0-5000,2026-03-22T00:41:33Z
atp,2025-06-16,S0UU,Maxim Shin,Maxim Shin,1054,12,https://www.atptour.com/en/rankings/singles?dateWeek=2025-06-16&rankRange=0-5000,2026-03-22T00:41:33Z
atp,2025-06-16,O0BR,Daniil Ostapenkov,Daniil Ostapenkov,1055,12,https://www.atptour.com/en/rankings/singles?dateWeek=2025-06-16&rankRange=0-5000,2026-03-22T00:41:33Z
atp,2025-06-16,J0DK,Phillip Jordan,Phillip Jordan,1056,12,https://www.atptour.com/en/rankings/singles?dateWeek=2025-06-16&rankRange=0-5000,2026-03-22T00:41:33Z
atp,2025-06-16,H0D1,Adam Heinonen,Adam Heinonen,1057,12,https://www.atptour.com/en/rankings/singles?dateWeek=2025-06-16&rankRange=0-5000,2026-03-22T00:41:33Z
atp,2025-06-16,SF41,Aldin Setkic,Aldin Setkic,1058,12,https://www.atptour.com/en/rankings/singles?dateWeek=2025-06-16&rankRange=0-5000,2026-03-22T00:41:33Z
atp,2025-06-16,P0LN,Manuel Plunger,Manuel Plunger,1059,12,https://www.atptour.com/en/rankings/singles?dateWeek=2025-06-16&rankRange=0-5000,2026-03-22T00:41:33Z
atp,2025-06-16,FB59,Francesco Ferrari,Francesco Ferrari,1060,12,https://www.atptour.com/en/rankings/singles?dateWeek=2025-06-16&rankRange=0-5000,2026-03-22T00:41:33Z
atp,2025-06-16,C0O4,Fernando Cavallo,Fernando Cavallo,1061,12,https://www.atptour.com/en/rankings/singles?dateWeek=2025-06-16&rankRange=0-5000,2026-03-22T00:41:33Z
atp,2025-06-16,T0H5,Benjamin Torrealba,Benjamin Torrealba,1062,12,https://www.atptour.com/en/rankings/singles?dateWeek=2025-06-16&rankRange=0-5000,2026-03-22T00:41:33Z
atp,2025-06-16,O0AX,Gian Marco Ortenzi,Gian Marco Ortenzi,1063,12,https://www.atptour.com/en/rankings/singles?dateWeek=2025-06-16&rankRange=0-5000,2026-03-22T00:41:33Z
atp,2025-06-16,N0BA,Axel Nefve,Axel Nefve,1064,12,https://www.atptour.com/en/rankings/singles?dateWeek=2025-06-16&rankRange=0-5000,2026-03-22T00:41:33Z
atp,2025-06-16,B0PH,Jacopo Bilardo,Jacopo Bilardo,1065,12,https://www.atptour.com/en/rankings/singles?dateWeek=2025-06-16&rankRange=0-5000,2026-03-22T00:41:33Z
atp,2025-06-16,C0GU,Matyas Cerny,Matyas Cerny,1066,12,https://www.atptour.com/en/rankings/singles?dateWeek=2025-06-16&rankRange=0-5000,2026-03-22T00:41:33Z
atp,2025-06-16,B0LS,Arthur Bonnaud,Arthur Bonnaud,1067,12,https://www.atptour.com/en/rankings/singles?dateWeek=2025-06-16&rankRange=0-5000,2026-03-22T00:41:33Z
atp,2025-06-16,P0IG,Martyn Pawelski,Martyn Pawelski,1068,12,https://www.atptour.com/en/rankings/singles?dateWeek=2025-06-16&rankRange=0-5000,2026-03-22T00:41:33Z
atp,2025-06-16,B0MR,Evan Bynoe,Evan Bynoe,1069,12,https://www.atptour.com/en/rankings/singles?dateWeek=2025-06-16&rankRange=0-5000,2026-03-22T00:41:33Z
atp,2025-06-16,C0I5,Corban Crowther,Corban Crowther,1070,12,https://www.atptour.com/en/rankings/singles?dateWeek=2025-06-16&rankRange=0-5000,2026-03-22T00:41:33Z
atp,2025-06-16,A0KQ,Izan Almazan Valiente,Izan Almazan Valiente,1071,12,https://www.atptour.com/en/rankings/singles?dateWeek=2025-06-16&rankRange=0-5000,2026-03-22T00:41:33Z
atp,2025-06-16,SY50,Nitin Kumar Sinha,Nitin Kumar Sinha,1072,12,https://www.atptour.com/en/rankings/singles?dateWeek=2025-06-16&rankRange=0-5000,2026-03-22T00:41:33Z
atp,2025-06-16,V0F6,Nicolas Villalon,Nicolas Villalon,1073,12,https://www.atptour.com/en/rankings/singles?dateWeek=2025-06-16&rankRange=0-5000,2026-03-22T00:41:33Z
atp,2025-06-16,BV08,Boris Butulija,Boris Butulija,1074,12,https://www.atptour.com/en/rankings/singles?dateWeek=2025-06-16&rankRange=0-5000,2026-03-22T00:41:33Z
atp,2025-06-16,GC17,Oscar Jose Gutierrez,Oscar Jose Gutierrez,1075,12,https://www.atptour.com/en/rankings/singles?dateWeek=2025-06-16&rankRange=0-5000,2026-03-22T00:41:33Z
atp,2025-06-16,K0LX,Nicolas Ian Kotzen,Nicolas Ian Kotzen,1076,11,https://www.atptour.com/en/rankings/singles?dateWeek=2025-06-16&rankRange=0-5000,2026-03-22T00:41:33Z
atp,2025-06-16,N0DY,Fnu Nidunjianzan,Fnu Nidunjianzan,1077,11,https://www.atptour.com/en/rankings/singles?dateWeek=2025-06-16&rankRange=0-5000,2026-03-22T00:41:33Z
atp,2025-06-16,C0FJ,Aleksa Ciric,Aleksa Ciric,1078,11,https://www.atptour.com/en/rankings/singles?dateWeek=2025-06-16&rankRange=0-5000,2026-03-22T00:41:33Z
atp,2025-06-16,L0DK,Joshua Lapadat,Joshua Lapadat,1079,11,https://www.atptour.com/en/rankings/singles?dateWeek=2025-06-16&rankRange=0-5000,2026-03-22T00:41:33Z
atp,2025-06-16,P0MT,Cezar Gabriel Papoe,Cezar Gabriel Papoe,1080,11,https://www.atptour.com/en/rankings/singles?dateWeek=2025-06-16&rankRange=0-5000,2026-03-22T00:41:33Z
atp,2025-06-16,B0CI,Christopher Bulus,Christopher Bulus,1081,11,https://www.atptour.com/en/rankings/singles?dateWeek=2025-06-16&rankRange=0-5000,2026-03-22T00:41:33Z
atp,2025-06-16,AF41,Rishab Agarwal,Rishab Agarwal,1084,11,https://www.atptour.com/en/rankings/singles?dateWeek=2025-06-16&rankRange=0-5000,2026-03-22T00:41:33Z
atp,2025-06-16,A0AN,Cengiz Aksu,Cengiz Aksu,1085,11,https://www.atptour.com/en/rankings/singles?dateWeek=2025-06-16&rankRange=0-5000,2026-03-22T00:41:33Z
atp,2025-06-16,N0CT,Shunsuke Nakagawa,Shunsuke Nakagawa,1086,11,https://www.atptour.com/en/rankings/singles?dateWeek=2025-06-16&rankRange=0-5000,2026-03-22T00:41:33Z
atp,2025-06-16,W0AN,Milan Welte,Milan Welte,1087,11,https://www.atptour.com/en/rankings/singles?dateWeek=2025-06-16&rankRange=0-5000,2026-03-22T00:41:33Z
atp,2025-06-16,T0JZ,Radu David Turcanu,Radu David Turcanu,1088,11,https://www.atptour.com/en/rankings/singles?dateWeek=2025-06-16&rankRange=0-5000,2026-03-22T00:41:33Z
atp,2025-06-16,B0PN,Matisse Bobichon,Matisse Bobichon,1089,11,https://www.atptour.com/en/rankings/singles?dateWeek=2025-06-16&rankRange=0-5000,2026-03-22T00:41:33Z
atp,2025-06-16,F0HU,Aaron Funk,Aaron Funk,1090,11,https://www.atptour.com/en/rankings/singles?dateWeek=2025-06-16&rankRange=0-5000,2026-03-22T00:41:33Z
atp,2025-06-16,F0HN,Karol Filar,Karol Filar,1091,11,https://www.atptour.com/en/rankings/singles?dateWeek=2025-06-16&rankRange=0-5000,2026-03-22T00:41:33Z
atp,2025-06-16,H0CU,Ronald Hohmann,Ronald Hohmann,1092,11,https://www.atptour.com/en/rankings/singles?dateWeek=2025-06-16&rankRange=0-5000,2026-03-22T00:41:33Z
atp,2025-06-16,S0JV,Qian Sun,Qian Sun,1093,11,https://www.atptour.com/en/rankings/singles?dateWeek=2025-06-16&rankRange=0-5000,2026-03-22T00:41:33Z
atp,2025-06-16,W716,Mark Whitehouse,Mark Whitehouse,1094,11,https://www.atptour.com/en/rankings/singles?dateWeek=2025-06-16&rankRange=0-5000,2026-03-22T00:41:33Z
atp,2025-06-16,R0LH,Jackson Ross,Jackson Ross,1095,11,https://www.atptour.com/en/rankings/singles?dateWeek=2025-06-16&rankRange=0-5000,2026-03-22T00:41:33Z
atp,2025-06-16,A0K4,Mikael Arseneault,Mikael Arseneault,1096,11,https://www.atptour.com/en/rankings/singles?dateWeek=2025-06-16&rankRange=0-5000,2026-03-22T00:41:33Z
atp,2025-06-16,LE38,Niels Lootsma,Niels Lootsma,1097,11,https://www.atptour.com/en/rankings/singles?dateWeek=2025-06-16&rankRange=0-5000,2026-03-22T00:41:33Z
atp,2025-06-16,C0Q4,Charles Chen,Charles Chen,1098,11,https://www.atptour.com/en/rankings/singles?dateWeek=2025-06-16&rankRange=0-5000,2026-03-22T00:41:33Z
atp,2025-06-16,B0G4,Gabriele Bosio,Gabriele Bosio,1099,11,https://www.atptour.com/en/rankings/singles?dateWeek=2025-06-16&rankRange=0-5000,2026-03-22T00:41:33Z
atp,2025-06-16,S0JW,Sungbeen Sim,Sungbeen Sim,1100,11,https://www.atptour.com/en/rankings/singles?dateWeek=2025-06-16&rankRange=0-5000,2026-03-22T00:41:33Z
atp,2025-06-16,O09S,Juan Bautista Otegui,Juan Bautista Otegui,1101,11,https://www.atptour.com/en/rankings/singles?dateWeek=2025-06-16&rankRange=0-5000,2026-03-22T00:41:33Z
atp,2025-06-16,P0O9,Mika Petkovic,Mika Petkovic,1102,11,https://www.atptour.com/en/rankings/singles?dateWeek=2025-06-16&rankRange=0-5000,2026-03-22T00:41:33Z
atp,2025-06-16,R0DP,Sam Ryan Ziegann,Sam Ryan Ziegann,1103,11,https://www.atptour.com/en/rankings/singles?dateWeek=2025-06-16&rankRange=0-5000,2026-03-22T00:41:33Z
atp,2025-06-16,F0E4,Luca Fantini,Luca Fantini,1104,11,https://www.atptour.com/en/rankings/singles?dateWeek=2025-06-16&rankRange=0-5000,2026-03-22T00:41:33Z
atp,2025-06-16,N0FH,Yuvan Nandal,Yuvan Nandal,1105,11,https://www.atptour.com/en/rankings/singles?dateWeek=2025-06-16&rankRange=0-5000,2026-03-22T00:41:33Z
atp,2025-06-16,L949,Henri Laaksonen,Henri Laaksonen,1108,10,https://www.atptour.com/en/rankings/singles?dateWeek=2025-06-16&rankRange=0-5000,2026-03-22T00:41:33Z
atp,2025-06-16,O0BI,Carl Emil Overbeck,Carl Emil Overbeck,1109,10,https://www.atptour.com/en/rankings/singles?dateWeek=2025-06-16&rankRange=0-5000,2026-03-22T00:41:33Z
atp,2025-06-16,D0FA,Yassine Dlimi,Yassine Dlimi,1112,10,https://www.atptour.com/en/rankings/singles?dateWeek=2025-06-16&rankRange=0-5000,2026-03-22T00:41:33Z
atp,2025-06-16,I327,Guy Orly Iradukunda,Guy Orly Iradukunda,1113,10,https://www.atptour.com/en/rankings/singles?dateWeek=2025-06-16&rankRange=0-5000,2026-03-22T00:41:33Z
atp,2025-06-16,D0FN,Chen Dong,Chen Dong,1116,10,https://www.atptour.com/en/rankings/singles?dateWeek=2025-06-16&rankRange=0-5000,2026-03-22T00:41:33Z
atp,2025-06-16,Z0BY,Nicolas Zanellato,Nicolas Zanellato,1117,10,https://www.atptour.com/en/rankings/singles?dateWeek=2025-06-16&rankRange=0-5000,2026-03-22T00:41:33Z
atp,2025-06-16,K0I7,Marcel Kamrowski,Marcel Kamrowski,1118,10,https://www.atptour.com/en/rankings/singles?dateWeek=2025-06-16&rankRange=0-5000,2026-03-22T00:41:33Z
atp,2025-06-16,RH45,Tim Ruehl,Tim Ruehl,1119,10,https://www.atptour.com/en/rankings/singles?dateWeek=2025-06-16&rankRange=0-5000,2026-03-22T00:41:33Z
atp,2025-06-16,D0JM,Rafael De Alba,Rafael De Alba,1120,10,https://www.atptour.com/en/rankings/singles?dateWeek=2025-06-16&rankRange=0-5000,2026-03-22T00:41:33Z
atp,2025-06-16,S0MJ,Thantub Suksumrarn,Thantub Suksumrarn,1121,10,https://www.atptour.com/en/rankings/singles?dateWeek=2025-06-16&rankRange=0-5000,2026-03-22T00:41:33Z
atp,2025-06-16,V0E3,Jeffrey Von Der Schulenburg,Jeffrey Von Der Schulenburg,1122,10,https://www.atptour.com/en/rankings/singles?dateWeek=2025-06-16&rankRange=0-5000,2026-03-22T00:41:33Z
atp,2025-06-16,W09T,Luca Wiedenmann,Luca Wiedenmann,1123,10,https://www.atptour.com/en/rankings/singles?dateWeek=2025-06-16&rankRange=0-5000,2026-03-22T00:41:33Z
atp,2025-06-16,B0JF,Alan Bojarski,Alan Bojarski,1126,10,https://www.atptour.com/en/rankings/singles?dateWeek=2025-06-16&rankRange=0-5000,2026-03-22T00:41:33Z
atp,2025-06-16,I09U,Rafael Izquierdo Luque,Rafael Izquierdo Luque,1127,10,https://www.atptour.com/en/rankings/singles?dateWeek=2025-06-16&rankRange=0-5000,2026-03-22T00:41:33Z
atp,2025-06-16,G0B7,Jeremy Gschwendtner,Jeremy Gschwendtner,1128,10,https://www.atptour.com/en/rankings/singles?dateWeek=2025-06-16&rankRange=0-5000,2026-03-22T00:41:33Z
atp,2025-06-16,VA31,Stefan Vujic,Stefan Vujic,1129,10,https://www.atptour.com/en/rankings/singles?dateWeek=2025-06-16&rankRange=0-5000,2026-03-22T00:41:33Z
atp,2025-06-16,J0D5,Hayden Jones,Hayden Jones,1130,10,https://www.atptour.com/en/rankings/singles?dateWeek=2025-06-16&rankRange=0-5000,2026-03-22T00:41:33Z
atp,2025-06-16,H0HU,Samuel Heredia,Samuel Heredia,1133,10,https://www.atptour.com/en/rankings/singles?dateWeek=2025-06-16&rankRange=0-5000,2026-03-22T00:41:33Z
atp,2025-06-16,C0B9,Kuzey Cekirge,Kuzey Cekirge,1134,10,https://www.atptour.com/en/rankings/singles?dateWeek=2025-06-16&rankRange=0-5000,2026-03-22T00:41:33Z
atp,2025-06-16,L0BU,Hanyi Liu,Hanyi Liu,1135,10,https://www.atptour.com/en/rankings/singles?dateWeek=2025-06-16&rankRange=0-5000,2026-03-22T00:41:33Z
atp,2025-06-16,PM20,Hugo Pierre,Hugo Pierre,1136,10,https://www.atptour.com/en/rankings/singles?dateWeek=2025-06-16&rankRange=0-5000,2026-03-22T00:41:33Z
atp,2025-06-16,H0GC,Ali Habib,Ali Habib,1137,10,https://www.atptour.com/en/rankings/singles?dateWeek=2025-06-16&rankRange=0-5000,2026-03-22T00:41:33Z
atp,2025-06-16,O498,Issei Okamura,Issei Okamura,1138,10,https://www.atptour.com/en/rankings/singles?dateWeek=2025-06-16&rankRange=0-5000,2026-03-22T00:41:33Z
atp,2025-06-16,C0GG,Keshav Chopra,Keshav Chopra,1139,10,https://www.atptour.com/en/rankings/singles?dateWeek=2025-06-16&rankRange=0-5000,2026-03-22T00:41:33Z
atp,2025-06-16,T0GE,Pavlos Tsitsipas,Pavlos Tsitsipas,1140,10,https://www.atptour.com/en/rankings/singles?dateWeek=2025-06-16&rankRange=0-5000,2026-03-22T00:41:33Z
atp,2025-06-16,V0F7,Connor Henry Van Schalkwyk,Connor Henry Van Schalkwyk,1141,9,https://www.atptour.com/en/rankings/singles?dateWeek=2025-06-16&rankRange=0-5000,2026-03-22T00:41:33Z
atp,2025-06-16,B0PY,Paul Barbier Gazeu,Paul Barbier Gazeu,1142,9,https://www.atptour.com/en/rankings/singles?dateWeek=2025-06-16&rankRange=0-5000,2026-03-22T00:41:33Z
atp,2025-06-16,FC26,Evan Furness,Evan Furness,1143,9,https://www.atptour.com/en/rankings/singles?dateWeek=2025-06-16&rankRange=0-5000,2026-03-22T00:41:33Z
atp,2025-06-16,A0G9,Vesa Ahti,Vesa Ahti,1144,9,https://www.atptour.com/en/rankings/singles?dateWeek=2025-06-16&rankRange=0-5000,2026-03-22T00:41:33Z
atp,2025-06-16,H0C9,Arklon Huertas Del Pino Cordova,Arklon Huertas Del Pino Cordova,1145,9,https://www.atptour.com/en/rankings/singles?dateWeek=2025-06-16&rankRange=0-5000,2026-03-22T00:41:33Z
atp,2025-06-16,O0E1,Yuto Oki,Yuto Oki,1148,9,https://www.atptour.com/en/rankings/singles?dateWeek=2025-06-16&rankRange=0-5000,2026-03-22T00:41:33Z
atp,2025-06-16,DH53,Vlad Andrei Dancu,Vlad Andrei Dancu,1149,9,https://www.atptour.com/en/rankings/singles?dateWeek=2025-06-16&rankRange=0-5000,2026-03-22T00:41:33Z
atp,2025-06-16,T0HM,Vito Tonejc,Vito Tonejc,1152,9,https://www.atptour.com/en/rankings/singles?dateWeek=2025-06-16&rankRange=0-5000,2026-03-22T00:41:33Z
atp,2025-06-16,V0E0,Pavel Verbin,Pavel Verbin,1153,9,https://www.atptour.com/en/rankings/singles?dateWeek=2025-06-16&rankRange=0-5000,2026-03-22T00:41:33Z
atp,2025-06-16,H0I8,Gabor Hornung,Gabor Hornung,1154,9,https://www.atptour.com/en/rankings/singles?dateWeek=2025-06-16&rankRange=0-5000,2026-03-22T00:41:33Z
atp,2025-06-16,D0IN,Ryan Dickerson,Ryan Dickerson,1155,9,https://www.atptour.com/en/rankings/singles?dateWeek=2025-06-16&rankRange=0-5000,2026-03-22T00:41:33Z
atp,2025-06-16,S0VU,Max Schoenhaus,Max Schoenhaus,1159,9,https://www.atptour.com/en/rankings/singles?dateWeek=2025-06-16&rankRange=0-5000,2026-03-22T00:41:33Z
atp,2025-06-16,K0MI,Valentin Kopeikin,Valentin Kopeikin,1160,9,https://www.atptour.com/en/rankings/singles?dateWeek=2025-06-16&rankRange=0-5000,2026-03-22T00:41:33Z
atp,2025-06-16,O664,Makoto Ochi,Makoto Ochi,1161,9,https://www.atptour.com/en/rankings/singles?dateWeek=2025-06-16&rankRange=0-5000,2026-03-22T00:41:33Z
atp,2025-06-16,F0FH,David Fix,David Fix,1162,9,https://www.atptour.com/en/rankings/singles?dateWeek=2025-06-16&rankRange=0-5000,2026-03-22T00:41:33Z
atp,2025-06-16,P0MS,Rares Teodor Pieleanu,Rares Teodor Pieleanu,1163,9,https://www.atptour.com/en/rankings/singles?dateWeek=2025-06-16&rankRange=0-5000,2026-03-22T00:41:33Z
atp,2025-06-16,C0PK,Xing Dao Chen,Xing Dao Chen,1164,9,https://www.atptour.com/en/rankings/singles?dateWeek=2025-06-16&rankRange=0-5000,2026-03-22T00:41:33Z
atp,2025-06-16,SZ32,Fabien Salle,Fabien Salle,1165,9,https://www.atptour.com/en/rankings/singles?dateWeek=2025-06-16&rankRange=0-5000,2026-03-22T00:41:33Z
atp,2025-06-16,M0N4,Leonardo Malgaroli,Leonardo Malgaroli,1166,9,https://www.atptour.com/en/rankings/singles?dateWeek=2025-06-16&rankRange=0-5000,2026-03-22T00:41:33Z
atp,2025-06-16,P0J3,Alexander Petrov,Alexander Petrov,1169,9,https://www.atptour.com/en/rankings/singles?dateWeek=2025-06-16&rankRange=0-5000,2026-03-22T00:41:33Z
atp,2025-06-16,S0NY,Gokberk Saritas,Gokberk Saritas,1170,9,https://www.atptour.com/en/rankings/singles?dateWeek=2025-06-16&rankRange=0-5000,2026-03-22T00:41:33Z
atp,2025-06-16,MN49,Mohamed Nazim Makhlouf,Mohamed Nazim Makhlouf,1171,9,https://www.atptour.com/en/rankings/singles?dateWeek=2025-06-16&rankRange=0-5000,2026-03-22T00:41:33Z
atp,2025-06-16,G0JJ,Sebastian Gorzny,Sebastian Gorzny,1172,8,https://www.atptour.com/en/rankings/singles?dateWeek=2025-06-16&rankRange=0-5000,2026-03-22T00:41:33Z
atp,2025-06-16,P0JL,Luca Pow,Luca Pow,1175,8,https://www.atptour.com/en/rankings/singles?dateWeek=2025-06-16&rankRange=0-5000,2026-03-22T00:41:33Z
atp,2025-06-16,B0T6,Thijs Boogaard,Thijs Boogaard,1176,8,https://www.atptour.com/en/rankings/singles?dateWeek=2025-06-16&rankRange=0-5000,2026-03-22T00:41:33Z
atp,2025-06-16,M0XA,Mario Martinez Serrano,Mario Martinez Serrano,1177,8,https://www.atptour.com/en/rankings/singles?dateWeek=2025-06-16&rankRange=0-5000,2026-03-22T00:41:33Z
atp,2025-06-16,S0AR,Timo Stodder,Timo Stodder,1178,8,https://www.atptour.com/en/rankings/singles?dateWeek=2025-06-16&rankRange=0-5000,2026-03-22T00:41:33Z
atp,2025-06-16,DG97,Artem Dubrivnyy,Artem Dubrivnyy,1179,8,https://www.atptour.com/en/rankings/singles?dateWeek=2025-06-16&rankRange=0-5000,2026-03-22T00:41:33Z
atp,2025-06-16,R0K9,Charlie Robertson,Charlie Robertson,1180,8,https://www.atptour.com/en/rankings/singles?dateWeek=2025-06-16&rankRange=0-5000,2026-03-22T00:41:33Z
atp,2025-06-16,K0NP,Jack Kennedy,Jack Kennedy,1181,8,https://www.atptour.com/en/rankings/singles?dateWeek=2025-06-16&rankRange=0-5000,2026-03-22T00:41:33Z
atp,2025-06-16,B0M0,Liam Branger,Liam Branger,1182,8,https://www.atptour.com/en/rankings/singles?dateWeek=2025-06-16&rankRange=0-5000,2026-03-22T00:41:33Z
atp,2025-06-16,T0K1,Ryo Tabata,Ryo Tabata,1183,8,https://www.atptour.com/en/rankings/singles?dateWeek=2025-06-16&rankRange=0-5000,2026-03-22T00:41:33Z
atp,2025-06-16,W0FH,Benjamin Willwerth,Benjamin Willwerth,1184,8,https://www.atptour.com/en/rankings/singles?dateWeek=2025-06-16&rankRange=0-5000,2026-03-22T00:41:33Z
atp,2025-06-16,J0CT,William Jansen,William Jansen,1185,8,https://www.atptour.com/en/rankings/singles?dateWeek=2025-06-16&rankRange=0-5000,2026-03-22T00:41:33Z
atp,2025-06-16,R0EK,Natan Rodrigues,Natan Rodrigues,1186,8,https://www.atptour.com/en/rankings/singles?dateWeek=2025-06-16&rankRange=0-5000,2026-03-22T00:41:33Z
atp,2025-06-16,TG46,Ryota Tanuma,Ryota Tanuma,1187,8,https://www.atptour.com/en/rankings/singles?dateWeek=2025-06-16&rankRange=0-5000,2026-03-22T00:41:33Z
atp,2025-06-16,V0CG,Antoine Vincent,Antoine Vincent,1188,8,https://www.atptour.com/en/rankings/singles?dateWeek=2025-06-16&rankRange=0-5000,2026-03-22T00:41:33Z
atp,2025-06-16,H0AG,Ray Ho,Ray Ho,1189,8,https://www.atptour.com/en/rankings/singles?dateWeek=2025-06-16&rankRange=0-5000,2026-03-22T00:41:33Z
atp,2025-06-16,B0H9,Antoine Berger,Antoine Berger,1190,8,https://www.atptour.com/en/rankings/singles?dateWeek=2025-06-16&rankRange=0-5000,2026-03-22T00:41:33Z
atp,2025-06-16,S0ZF,Kacper Szymkowiak,Kacper Szymkowiak,1191,8,https://www.atptour.com/en/rankings/singles?dateWeek=2025-06-16&rankRange=0-5000,2026-03-22T00:41:33Z
atp,2025-06-16,D0FY,Thomas Deschamps,Thomas Deschamps,1192,8,https://www.atptour.com/en/rankings/singles?dateWeek=2025-06-16&rankRange=0-5000,2026-03-22T00:41:33Z
atp,2025-06-16,L0LD,Samuel Alejandro Linde Palacios,Samuel Alejandro Linde Palacios,1193,8,https://www.atptour.com/en/rankings/singles?dateWeek=2025-06-16&rankRange=0-5000,2026-03-22T00:41:33Z
atp,2025-06-16,K0HE,Ioannis Kountourakis,Ioannis Kountourakis,1194,8,https://www.atptour.com/en/rankings/singles?dateWeek=2025-06-16&rankRange=0-5000,2026-03-22T00:41:33Z
atp,2025-06-16,L0EV,Valentin Lapalu,Valentin Lapalu,1195,8,https://www.atptour.com/en/rankings/singles?dateWeek=2025-06-16&rankRange=0-5000,2026-03-22T00:41:33Z
atp,2025-06-16,S0AO,Luke Simkiss,Luke Simkiss,1196,8,https://www.atptour.com/en/rankings/singles?dateWeek=2025-06-16&rankRange=0-5000,2026-03-22T00:41:33Z
atp,2025-06-16,Z0DA,Carlos Maria Zarate,Carlos Maria Zarate,1197,8,https://www.atptour.com/en/rankings/singles?dateWeek=2025-06-16&rankRange=0-5000,2026-03-22T00:41:33Z
atp,2025-06-16,B0C4,Charles Bertimon,Charles Bertimon,1198,8,https://www.atptour.com/en/rankings/singles?dateWeek=2025-06-16&rankRange=0-5000,2026-03-22T00:41:33Z
atp,2025-06-16,J0CW,Yunseok Jang,Yunseok Jang,1199,8,https://www.atptour.com/en/rankings/singles?dateWeek=2025-06-16&rankRange=0-5000,2026-03-22T00:41:33Z
atp,2025-06-16,T0DN,Noah Thurner,Noah Thurner,1202,8,https://www.atptour.com/en/rankings/singles?dateWeek=2025-06-16&rankRange=0-5000,2026-03-22T00:41:33Z
atp,2025-06-16,C0NI,Aleksander Chayka,Aleksander Chayka,1203,8,https://www.atptour.com/en/rankings/singles?dateWeek=2025-06-16&rankRange=0-5000,2026-03-22T00:41:33Z
atp,2025-06-16,T0FH,Alejandro Turriziani Alvarez,Alejandro Turriziani Alvarez,1204,8,https://www.atptour.com/en/rankings/singles?dateWeek=2025-06-16&rankRange=0-5000,2026-03-22T00:41:33Z
atp,2025-06-16,J09J,Yeong-Seok Jeong,Yeong Seok Jeong,1205,8,https://www.atptour.com/en/rankings/singles?dateWeek=2025-06-16&rankRange=0-5000,2026-03-22T00:41:33Z
atp,2025-06-16,D09V,Ivan Denisov,Ivan Denisov,1206,8,https://www.atptour.com/en/rankings/singles?dateWeek=2025-06-16&rankRange=0-5000,2026-03-22T00:41:33Z
atp,2025-06-16,I416,Yuichiro Inui,Yuichiro Inui,1207,8,https://www.atptour.com/en/rankings/singles?dateWeek=2025-06-16&rankRange=0-5000,2026-03-22T00:41:33Z
atp,2025-06-16,R0EW,Leyton Rivera,Leyton Rivera,1208,8,https://www.atptour.com/en/rankings/singles?dateWeek=2025-06-16&rankRange=0-5000,2026-03-22T00:41:33Z
atp,2025-06-16,S1AP,Tristan Stringer,Tristan Stringer,1209,8,https://www.atptour.com/en/rankings/singles?dateWeek=2025-06-16&rankRange=0-5000,2026-03-22T00:41:33Z
atp,2025-06-16,T0AF,Fermin Tenti,Fermin Tenti,1210,7,https://www.atptour.com/en/rankings/singles?dateWeek=2025-06-16&rankRange=0-5000,2026-03-22T00:41:33Z
atp,2025-06-16,A0LQ,Alejandro Arcila,Alejandro Arcila,1211,7,https://www.atptour.com/en/rankings/singles?dateWeek=2025-06-16&rankRange=0-5000,2026-03-22T00:41:33Z
atp,2025-06-16,S0WK,Calin Teodor Stirbu,Calin Teodor Stirbu,1212,7,https://www.atptour.com/en/rankings/singles?dateWeek=2025-06-16&rankRange=0-5000,2026-03-22T00:41:33Z
atp,2025-06-16,S0U0,Jelani Sarr,Jelani Sarr,1213,7,https://www.atptour.com/en/rankings/singles?dateWeek=2025-06-16&rankRange=0-5000,2026-03-22T00:41:33Z
atp,2025-06-16,K0GA,Igor Kudriashov,Igor Kudriashov,1216,7,https://www.atptour.com/en/rankings/singles?dateWeek=2025-06-16&rankRange=0-5000,2026-03-22T00:41:33Z
atp,2025-06-16,S0JY,Alessandro Spadola,Alessandro Spadola,1219,7,https://www.atptour.com/en/rankings/singles?dateWeek=2025-06-16&rankRange=0-5000,2026-03-22T00:41:33Z
atp,2025-06-16,PM28,Joshua Peck,Joshua Peck,1224,7,https://www.atptour.com/en/rankings/singles?dateWeek=2025-06-16&rankRange=0-5000,2026-03-22T00:41:33Z
atp,2025-06-16,V0HM,Gabriele Vulpitta,Gabriele Vulpitta,1225,7,https://www.atptour.com/en/rankings/singles?dateWeek=2025-06-16&rankRange=0-5000,2026-03-22T00:41:33Z
atp,2025-06-16,S0KG,Nikola Slavic,Nikola Slavic,1226,7,https://www.atptour.com/en/rankings/singles?dateWeek=2025-06-16&rankRange=0-5000,2026-03-22T00:41:33Z
atp,2025-06-16,S0GM,Daniel Salazar,Daniel Salazar,1227,7,https://www.atptour.com/en/rankings/singles?dateWeek=2025-06-16&rankRange=0-5000,2026-03-22T00:41:33Z
atp,2025-06-16,P0GF,Stijn Pel,Stijn Pel,1228,7,https://www.atptour.com/en/rankings/singles?dateWeek=2025-06-16&rankRange=0-5000,2026-03-22T00:41:33Z
atp,2025-06-16,C0H5,Julian Cundom,Julian Cundom,1229,7,https://www.atptour.com/en/rankings/singles?dateWeek=2025-06-16&rankRange=0-5000,2026-03-22T00:41:33Z
atp,2025-06-16,K0JS,Pranav Kumar,Pranav Kumar,1230,7,https://www.atptour.com/en/rankings/singles?dateWeek=2025-06-16&rankRange=0-5000,2026-03-22T00:41:33Z
atp,2025-06-16,C0LG,Mateo Castañeda,Mateo Castañeda,1231,7,https://www.atptour.com/en/rankings/singles?dateWeek=2025-06-16&rankRange=0-5000,2026-03-22T00:41:33Z
atp,2025-06-16,PL69,Kody Pearson,Kody Pearson,1232,7,https://www.atptour.com/en/rankings/singles?dateWeek=2025-06-16&rankRange=0-5000,2026-03-22T00:41:33Z
atp,2025-06-16,L0GA,Tomas Lanik,Tomas Lanik,1233,7,https://www.atptour.com/en/rankings/singles?dateWeek=2025-06-16&rankRange=0-5000,2026-03-22T00:41:33Z
atp,2025-06-16,F0HR,Ignasi Forcano Aparicio,Ignasi Forcano Aparicio,1234,7,https://www.atptour.com/en/rankings/singles?dateWeek=2025-06-16&rankRange=0-5000,2026-03-22T00:41:33Z
atp,2025-06-16,S09B,Mathieu Scaglia,Mathieu Scaglia,1235,7,https://www.atptour.com/en/rankings/singles?dateWeek=2025-06-16&rankRange=0-5000,2026-03-22T00:41:33Z
atp,2025-06-16,N0F3,Loic Namigandet Tenguere,Loic Namigandet Tenguere,1236,7,https://www.atptour.com/en/rankings/singles?dateWeek=2025-06-16&rankRange=0-5000,2026-03-22T00:41:33Z
atp,2025-06-16,P0MF,Seungmin Park,Seungmin Park,1237,7,https://www.atptour.com/en/rankings/singles?dateWeek=2025-06-16&rankRange=0-5000,2026-03-22T00:41:33Z
atp,2025-06-16,L0KR,Manel Lazaro Juncadella,Manel Lazaro Juncadella,1238,7,https://www.atptour.com/en/rankings/singles?dateWeek=2025-06-16&rankRange=0-5000,2026-03-22T00:41:33Z
atp,2025-06-16,RB00,Ricardo Rodriguez - Pace,Ricardo Rodriguez Pace,1239,7,https://www.atptour.com/en/rankings/singles?dateWeek=2025-06-16&rankRange=0-5000,2026-03-22T00:41:33Z
atp,2025-06-16,S0W4,Lorenzo Sciahbasi,Lorenzo Sciahbasi,1240,7,https://www.atptour.com/en/rankings/singles?dateWeek=2025-06-16&rankRange=0-5000,2026-03-22T00:41:33Z
atp,2025-06-16,S0KH,Jeremy Schifris,Jeremy Schifris,1241,7,https://www.atptour.com/en/rankings/singles?dateWeek=2025-06-16&rankRange=0-5000,2026-03-22T00:41:33Z
atp,2025-06-16,J0AK,Yuquan Jin,Yuquan Jin,1242,7,https://www.atptour.com/en/rankings/singles?dateWeek=2025-06-16&rankRange=0-5000,2026-03-22T00:41:33Z
atp,2025-06-16,L0KA,Karl Kazuma Lee,Karl Kazuma Lee,1245,6,https://www.atptour.com/en/rankings/singles?dateWeek=2025-06-16&rankRange=0-5000,2026-03-22T00:41:33Z
atp,2025-06-16,C0RC,Hugo Coquelin,Hugo Coquelin,1246,6,https://www.atptour.com/en/rankings/singles?dateWeek=2025-06-16&rankRange=0-5000,2026-03-22T00:41:33Z
atp,2025-06-16,L0MB,Jagger Leach,Jagger Leach,1247,6,https://www.atptour.com/en/rankings/singles?dateWeek=2025-06-16&rankRange=0-5000,2026-03-22T00:41:33Z
atp,2025-06-16,PD07,Vasek Pospisil,Vasek Pospisil,1248,6,https://www.atptour.com/en/rankings/singles?dateWeek=2025-06-16&rankRange=0-5000,2026-03-22T00:41:33Z
atp,2025-06-16,S0F4,Damien Salvestre,Damien Salvestre,1249,6,https://www.atptour.com/en/rankings/singles?dateWeek=2025-06-16&rankRange=0-5000,2026-03-22T00:41:33Z
atp,2025-06-16,MR77,Cing-Yang Meng,Cing Yang Meng,1250,6,https://www.atptour.com/en/rankings/singles?dateWeek=2025-06-16&rankRange=0-5000,2026-03-22T00:41:33Z
atp,2025-06-16,M0NJ,Lui Maxted,Lui Maxted,1253,6,https://www.atptour.com/en/rankings/singles?dateWeek=2025-06-16&rankRange=0-5000,2026-03-22T00:41:33Z
atp,2025-06-16,E0CF,Gabriel Elicha Navas,Gabriel Elicha Navas,1254,6,https://www.atptour.com/en/rankings/singles?dateWeek=2025-06-16&rankRange=0-5000,2026-03-22T00:41:33Z
atp,2025-06-16,DB93,Matias Franco Descotte,Matias Franco Descotte,1255,6,https://www.atptour.com/en/rankings/singles?dateWeek=2025-06-16&rankRange=0-5000,2026-03-22T00:41:33Z
atp,2025-06-16,N0AF,Arvid Nordquist,Arvid Nordquist,1262,6,https://www.atptour.com/en/rankings/singles?dateWeek=2025-06-16&rankRange=0-5000,2026-03-22T00:41:33Z
atp,2025-06-16,M0QV,Jean-Christian Morandais,Jean Christian Morandais,1263,6,https://www.atptour.com/en/rankings/singles?dateWeek=2025-06-16&rankRange=0-5000,2026-03-22T00:41:33Z
atp,2025-06-16,K0H9,Rafael Kis Balazs,Rafael Kis Balazs,1264,6,https://www.atptour.com/en/rankings/singles?dateWeek=2025-06-16&rankRange=0-5000,2026-03-22T00:41:33Z
atp,2025-06-16,K0BI,Bharath Nishok Kumaran,Bharath Nishok Kumaran,1265,6,https://www.atptour.com/en/rankings/singles?dateWeek=2025-06-16&rankRange=0-5000,2026-03-22T00:41:33Z
atp,2025-06-16,T0FK,Giorgio Tabacco,Giorgio Tabacco,1266,6,https://www.atptour.com/en/rankings/singles?dateWeek=2025-06-16&rankRange=0-5000,2026-03-22T00:41:33Z
atp,2025-06-16,B0A2,Siddhant Banthia,Siddhant Banthia,1274,6,https://www.atptour.com/en/rankings/singles?dateWeek=2025-06-16&rankRange=0-5000,2026-03-22T00:41:33Z
atp,2025-06-16,T0IX,Yua Taka,Yua Taka,1275,6,https://www.atptour.com/en/rankings/singles?dateWeek=2025-06-16&rankRange=0-5000,2026-03-22T00:41:33Z
atp,2025-06-16,T0CH,Rafael Tosetto,Rafael Tosetto,1276,6,https://www.atptour.com/en/rankings/singles?dateWeek=2025-06-16&rankRange=0-5000,2026-03-22T00:41:33Z
atp,2025-06-16,P0M4,Denis Petak,Denis Petak,1277,6,https://www.atptour.com/en/rankings/singles?dateWeek=2025-06-16&rankRange=0-5000,2026-03-22T00:41:33Z
atp,2025-06-16,W719,Marcus Walters,Marcus Walters,1281,6,https://www.atptour.com/en/rankings/singles?dateWeek=2025-06-16&rankRange=0-5000,2026-03-22T00:41:33Z
atp,2025-06-16,G0EN,Tanguy Genier,Tanguy Genier,1282,6,https://www.atptour.com/en/rankings/singles?dateWeek=2025-06-16&rankRange=0-5000,2026-03-22T00:41:33Z
atp,2025-06-16,O0CY,Patrik Oplustil,Patrik Oplustil,1283,6,https://www.atptour.com/en/rankings/singles?dateWeek=2025-06-16&rankRange=0-5000,2026-03-22T00:41:33Z
atp,2025-06-16,V948,Drew Van Orderlain,Drew Van Orderlain,1289,6,https://www.atptour.com/en/rankings/singles?dateWeek=2025-06-16&rankRange=0-5000,2026-03-22T00:41:33Z
atp,2025-06-16,M0N2,Radovan Michalik,Radovan Michalik,1290,6,https://www.atptour.com/en/rankings/singles?dateWeek=2025-06-16&rankRange=0-5000,2026-03-22T00:41:33Z
atp,2025-06-16,KE85,Kazuma Kawachi,Kazuma Kawachi,1291,6,https://www.atptour.com/en/rankings/singles?dateWeek=2025-06-16&rankRange=0-5000,2026-03-22T00:41:33Z
atp,2025-06-16,BM09,Lawrence Bataljin,Lawrence Bataljin,1296,6,https://www.atptour.com/en/rankings/singles?dateWeek=2025-06-16&rankRange=0-5000,2026-03-22T00:41:33Z
atp,2025-06-16,C0H9,Credit Chaiyarin,Credit Chaiyarin,1297,6,https://www.atptour.com/en/rankings/singles?dateWeek=2025-06-16&rankRange=0-5000,2026-03-22T00:41:33Z
atp,2025-06-16,P0IU,Lucca Pinto,Lucca Pinto,1298,6,https://www.atptour.com/en/rankings/singles?dateWeek=2025-06-16&rankRange=0-5000,2026-03-22T00:41:33Z
atp,2025-06-16,I0B3,Karim Ibrahim,Karim Ibrahim,1299,6,https://www.atptour.com/en/rankings/singles?dateWeek=2025-06-16&rankRange=0-5000,2026-03-22T00:41:33Z
atp,2025-06-16,H0GJ,Sean Hess,Sean Hess,1300,6,https://www.atptour.com/en/rankings/singles?dateWeek=2025-06-16&rankRange=0-5000,2026-03-22T00:41:33Z
atp,2025-06-16,E678,Jonathan Eysseric,Jonathan Eysseric,1301,5,https://www.atptour.com/en/rankings/singles?dateWeek=2025-06-16&rankRange=0-5000,2026-03-22T00:41:33Z
atp,2025-06-16,G983,Alessandro Giannessi,Alessandro Giannessi,1307,5,https://www.atptour.com/en/rankings/singles?dateWeek=2025-06-16&rankRange=0-5000,2026-03-22T00:41:33Z
atp,2025-06-16,PM12,Nicolas Parizzia,Nicolas Parizzia,1311,5,https://www.atptour.com/en/rankings/singles?dateWeek=2025-06-16&rankRange=0-5000,2026-03-22T00:41:33Z
atp,2025-06-16,H0DW,Herman Hoeyeraal,Herman Hoeyeraal,1312,5,https://www.atptour.com/en/rankings/singles?dateWeek=2025-06-16&rankRange=0-5000,2026-03-22T00:41:33Z
atp,2025-06-16,W816,Antoine Walch,Antoine Walch,1313,5,https://www.atptour.com/en/rankings/singles?dateWeek=2025-06-16&rankRange=0-5000,2026-03-22T00:41:33Z
atp,2025-06-16,T0GF,JJ Tracy,Jj Tracy,1316,5,https://www.atptour.com/en/rankings/singles?dateWeek=2025-06-16&rankRange=0-5000,2026-03-22T00:41:33Z
atp,2025-06-16,N0DR,Bryce Nakashima,Bryce Nakashima,1317,5,https://www.atptour.com/en/rankings/singles?dateWeek=2025-06-16&rankRange=0-5000,2026-03-22T00:41:33Z
atp,2025-06-16,V0EV,Alessio Vasquez,Alessio Vasquez,1325,5,https://www.atptour.com/en/rankings/singles?dateWeek=2025-06-16&rankRange=0-5000,2026-03-22T00:41:33Z
atp,2025-06-16,P0GP,Peter Benjamin Privara,Peter Benjamin Privara,1326,5,https://www.atptour.com/en/rankings/singles?dateWeek=2025-06-16&rankRange=0-5000,2026-03-22T00:41:33Z
atp,2025-06-16,K0HM,Madhwin Kamath,Madhwin Kamath,1327,5,https://www.atptour.com/en/rankings/singles?dateWeek=2025-06-16&rankRange=0-5000,2026-03-22T00:41:33Z
atp,2025-06-16,J0EI,Adam Jilly,Adam Jilly,1331,5,https://www.atptour.com/en/rankings/singles?dateWeek=2025-06-16&rankRange=0-5000,2026-03-22T00:41:33Z
atp,2025-06-16,Z0BH,Edoardo Zanada,Edoardo Zanada,1334,5,https://www.atptour.com/en/rankings/singles?dateWeek=2025-06-16&rankRange=0-5000,2026-03-22T00:41:33Z
atp,2025-06-16,C0R1,Leonardo Cattaneo,Leonardo Cattaneo,1337,5,https://www.atptour.com/en/rankings/singles?dateWeek=2025-06-16&rankRange=0-5000,2026-03-22T00:41:33Z
atp,2025-06-16,R0AI,Stefano Reitano,Stefano Reitano,1338,5,https://www.atptour.com/en/rankings/singles?dateWeek=2025-06-16&rankRange=0-5000,2026-03-22T00:41:33Z
atp,2025-06-16,B0P7,Vlad Cristian Breazu,Vlad Cristian Breazu,1339,5,https://www.atptour.com/en/rankings/singles?dateWeek=2025-06-16&rankRange=0-5000,2026-03-22T00:41:33Z
atp,2025-06-16,B0ME,Cesar Bouchelaghem,Cesar Bouchelaghem,1340,5,https://www.atptour.com/en/rankings/singles?dateWeek=2025-06-16&rankRange=0-5000,2026-03-22T00:41:33Z
atp,2025-06-16,Z246,Miljan Zekic,Miljan Zekic,1346,5,https://www.atptour.com/en/rankings/singles?dateWeek=2025-06-16&rankRange=0-5000,2026-03-22T00:41:33Z
atp,2025-06-16,P0MI,Stijn Paardekooper,Stijn Paardekooper,1350,5,https://www.atptour.com/en/rankings/singles?dateWeek=2025-06-16&rankRange=0-5000,2026-03-22T00:41:33Z
atp,2025-06-16,F0F0,Romain Faucon,Romain Faucon,1351,5,https://www.atptour.com/en/rankings/singles?dateWeek=2025-06-16&rankRange=0-5000,2026-03-22T00:41:33Z
atp,2025-06-16,SP25,Fred Simonsson,Fred Simonsson,1354,5,https://www.atptour.com/en/rankings/singles?dateWeek=2025-06-16&rankRange=0-5000,2026-03-22T00:41:33Z
atp,2025-06-16,F0E0,Reece Falck,Reece Falck,1359,5,https://www.atptour.com/en/rankings/singles?dateWeek=2025-06-16&rankRange=0-5000,2026-03-22T00:41:33Z
atp,2025-06-16,C0HN,Ian Luca Cervantes Tomas,Ian Luca Cervantes Tomas,1363,5,https://www.atptour.com/en/rankings/singles?dateWeek=2025-06-16&rankRange=0-5000,2026-03-22T00:41:33Z
atp,2025-06-16,L0HQ,Nikos Lehmann,Nikos Lehmann,1364,5,https://www.atptour.com/en/rankings/singles?dateWeek=2025-06-16&rankRange=0-5000,2026-03-22T00:41:33Z
atp,2025-06-16,B0VT,Juan Jose Bianchi,Juan Jose Bianchi,1365,5,https://www.atptour.com/en/rankings/singles?dateWeek=2025-06-16&rankRange=0-5000,2026-03-22T00:41:33Z
atp,2025-06-16,A0HZ,Lorenzo Angelini,Lorenzo Angelini,1366,5,https://www.atptour.com/en/rankings/singles?dateWeek=2025-06-16&rankRange=0-5000,2026-03-22T00:41:33Z
atp,2025-06-16,T0B4,Naoki Tajima,Naoki Tajima,1367,5,https://www.atptour.com/en/rankings/singles?dateWeek=2025-06-16&rankRange=0-5000,2026-03-22T00:41:33Z
atp,2025-06-16,KI91,Koray Kirci,Koray Kirci,1368,5,https://www.atptour.com/en/rankings/singles?dateWeek=2025-06-16&rankRange=0-5000,2026-03-22T00:41:33Z
atp,2025-06-16,CL84,Francisco Cabral,Francisco Cabral,1369,4,https://www.atptour.com/en/rankings/singles?dateWeek=2025-06-16&rankRange=0-5000,2026-03-22T00:41:33Z
atp,2025-06-16,V0FL,Zack Viiala,Zack Viiala,1377,4,https://www.atptour.com/en/rankings/singles?dateWeek=2025-06-16&rankRange=0-5000,2026-03-22T00:41:33Z
atp,2025-06-16,F0J3,Pierre Antoine Faut,Pierre Antoine Faut,1384,4,https://www.atptour.com/en/rankings/singles?dateWeek=2025-06-16&rankRange=0-5000,2026-03-22T00:41:33Z
atp,2025-06-16,K0O5,Jan Klimas,Jan Klimas,1385,4,https://www.atptour.com/en/rankings/singles?dateWeek=2025-06-16&rankRange=0-5000,2026-03-22T00:41:33Z
atp,2025-06-16,D0CQ,Julien De Cuyper,Julien De Cuyper,1404,4,https://www.atptour.com/en/rankings/singles?dateWeek=2025-06-16&rankRange=0-5000,2026-03-22T00:41:33Z
atp,2025-06-16,M0WL,Anas Mazdrashki,Anas Mazdrashki,1416,4,https://www.atptour.com/en/rankings/singles?dateWeek=2025-06-16&rankRange=0-5000,2026-03-22T00:41:33Z
atp,2025-06-16,C0JU,Enzo Camargo Lima,Enzo Camargo Lima,1421,4,https://www.atptour.com/en/rankings/singles?dateWeek=2025-06-16&rankRange=0-5000,2026-03-22T00:41:33Z
atp,2025-06-16,M0XN,Leo Matthysen,Leo Matthysen,1422,4,https://www.atptour.com/en/rankings/singles?dateWeek=2025-06-16&rankRange=0-5000,2026-03-22T00:41:33Z
atp,2025-06-16,G0KW,Carlos Giraldi,Carlos Giraldi,1429,4,https://www.atptour.com/en/rankings/singles?dateWeek=2025-06-16&rankRange=0-5000,2026-03-22T00:41:33Z
atp,2025-06-16,S0NO,Ezequiel Simonit,Ezequiel Simonit,1434,4,https://www.atptour.com/en/rankings/singles?dateWeek=2025-06-16&rankRange=0-5000,2026-03-22T00:41:33Z
atp,2025-06-16,A0K2,Federico Aguilar Cardozo,Federico Aguilar Cardozo,1438,4,https://www.atptour.com/en/rankings/singles?dateWeek=2025-06-16&rankRange=0-5000,2026-03-22T00:41:33Z
atp,2025-06-16,P0HL,Pietro Pampanin,Pietro Pampanin,1446,4,https://www.atptour.com/en/rankings/singles?dateWeek=2025-06-16&rankRange=0-5000,2026-03-22T00:41:33Z
atp,2025-06-16,F0GO,Sergi Fita Juan,Sergi Fita Juan,1451,4,https://www.atptour.com/en/rankings/singles?dateWeek=2025-06-16&rankRange=0-5000,2026-03-22T00:41:33Z
atp,2025-06-16,AG64,Parth Aggarwal,Parth Aggarwal,1452,4,https://www.atptour.com/en/rankings/singles?dateWeek=2025-06-16&rankRange=0-5000,2026-03-22T00:41:33Z
atp,2025-06-16,C0DP,Jayden Court,Jayden Court,1453,4,https://www.atptour.com/en/rankings/singles?dateWeek=2025-06-16&rankRange=0-5000,2026-03-22T00:41:33Z
atp,2025-06-16,P0C9,Renlong Pang,Renlong Pang,1489,3,https://www.atptour.com/en/rankings/singles?dateWeek=2025-06-16&rankRange=0-5000,2026-03-22T00:41:33Z
atp,2025-06-16,K0IR,Liam Krall,Liam Krall,1507,3,https://www.atptour.com/en/rankings/singles?dateWeek=2025-06-16&rankRange=0-5000,2026-03-22T00:41:33Z
atp,2025-06-16,G0NU,Thomas Gerbaud,Thomas Gerbaud,1517,3,https://www.atptour.com/en/rankings/singles?dateWeek=2025-06-16&rankRange=0-5000,2026-03-22T00:41:33Z
atp,2025-06-16,N0CA,Nikolay Nedelchev,Nikolay Nedelchev,1541,3,https://www.atptour.com/en/rankings/singles?dateWeek=2025-06-16&rankRange=0-5000,2026-03-22T00:41:33Z
atp,2025-06-16,Y09E,Bingyu Yu,Bingyu Yu,1554,3,https://www.atptour.com/en/rankings/singles?dateWeek=2025-06-16&rankRange=0-5000,2026-03-22T00:41:33Z
atp,2025-06-16,P0MH,Photos Photiades,Photos Photiades,1555,3,https://www.atptour.com/en/rankings/singles?dateWeek=2025-06-16&rankRange=0-5000,2026-03-22T00:41:33Z
atp,2025-06-16,K0JY,Matic Kriznik,Matic Kriznik,1560,3,https://www.atptour.com/en/rankings/singles?dateWeek=2025-06-16&rankRange=0-5000,2026-03-22T00:41:33Z
atp,2025-06-16,J0ED,Nikola Jovic,Nikola Jovic,1574,3,https://www.atptour.com/en/rankings/singles?dateWeek=2025-06-16&rankRange=0-5000,2026-03-22T00:41:33Z
atp,2025-06-16,J0B6,Jan Jermar,Jan Jermar,1584,3,https://www.atptour.com/en/rankings/singles?dateWeek=2025-06-16&rankRange=0-5000,2026-03-22T00:41:33Z
atp,2025-06-16,F0FB,Maximilian Figl,Maximilian Figl,1591,3,https://www.atptour.com/en/rankings/singles?dateWeek=2025-06-16&rankRange=0-5000,2026-03-22T00:41:34Z
atp,2025-06-16,I0B1,Nikita Ianin,Nikita Ianin,1592,3,https://www.atptour.com/en/rankings/singles?dateWeek=2025-06-16&rankRange=0-5000,2026-03-22T00:41:34Z
atp,2025-06-16,F0DD,Marco Furlanetto,Marco Furlanetto,1735,2,https://www.atptour.com/en/rankings/singles?dateWeek=2025-06-16&rankRange=0-5000,2026-03-22T00:41:34Z
atp,2025-06-16,P0MO,Adam Panaras,Adam Panaras,1752,2,https://www.atptour.com/en/rankings/singles?dateWeek=2025-06-16&rankRange=0-5000,2026-03-22T00:41:34Z
atp,2025-06-16,A0L4,Peter Alam,Peter Alam,1759,2,https://www.atptour.com/en/rankings/singles?dateWeek=2025-06-16&rankRange=0-5000,2026-03-22T00:41:34Z
atp,2025-06-16,A0AV,Alexey Aleshchev,Alexey Aleshchev,1768,2,https://www.atptour.com/en/rankings/singles?dateWeek=2025-06-16&rankRange=0-5000,2026-03-22T00:41:34Z
